Zeina Daboul,2025-11-29 23:59:32,20251129235932_157,4000,3200,800,M4,M4,gpt-3.5-turbo,gpt-3.5-turbo,peerread,peerread,0.99,0.99,0.99,0.99,0.99,1,0.99,0.99,0.99,0.99,"[752676, 751711, 750673, 750729]","[753309, 754171, 753767, 754517]","{""TTR"": 0.11498436960294305, ""sentiment"": 0.09872397428533591, ""RB"": 0.08265431822204974, ""of"": 0.04160221569198031, ""i"": 0.036624087662960714, ""is"": 0.033182264231916093, ""their"": 0.03167745965674932, ""PRP"": 0.03148595766407383, ""could"": 0.030458402816115063, ""and"": 0.027850699803061974}"
Zeina Daboul,2025-11-29 23:59:33,20251129235933_480,4000,3200,800,M4,M4,gpt-3.5-turbo,gpt-3.5-turbo,peerread,peerread,0.99375,0.9937499902343597,0.9937530859567871,0.99375,0.99376,1,0.995,0.9937421777221527,0.9949874686716792,0.9925,"[751129, 750554]","[753767, 754708, 753344]","{""TTR"": 0.14073554864938362, ""sentiment"": 0.10353100355583669, ""RB"": 0.07276858660291194, ""of"": 0.04362874613936451, ""i"": 0.03605263864701198, ""and"": 0.03397102530927699, ""their"": 0.03265789158621088, ""PRP"": 0.03202634593594461, ""is"": 0.030282596480610643, ""the"": 0.025123758352474445}"
Zeina Daboul,2025-11-29 23:59:33,20251129235933_248,4000,3200,800,M4,M4,gpt-3.5-turbo,gpt-3.5-turbo,peerread,peerread,0.9875,0.987499296835447,0.9876097121852416,0.9875,0.98741,1,0.98,0.9875930521091811,0.9802955665024631,0.995,"[752031, 750787, 750729, 750370, 751915, 750299, 751367, 752449]","[753439, 754306]","{""TTR"": 0.12646157367544136, ""sentiment"": 0.09325583495054184, ""RB"": 0.07375381610904708, ""of"": 0.047011892606167505, ""i"": 0.044278117639387035, ""their"": 0.03741518818410664, ""PRP"": 0.03638591149415785, ""could"": 0.031069235765510784, ""very"": 0.02708181297016234, ""is"": 0.026893323877079624}"
Zeina Daboul,2025-11-29 23:59:34,20251129235934_627,4000,3200,800,M4,M4,gpt-3.5-turbo,gpt-3.5-turbo,peerread,peerread,0.98875,0.9887499824218474,0.9887530547065918,0.98875,0.98876,1,0.99,0.9887359198998749,0.9899749373433584,0.9875,"[750047, 752449, 751820, 751367]","[753767, 754306, 752909, 752874, 754516]","{""TTR"": 0.1270832843400743, ""sentiment"": 0.10280400803922539, ""RB"": 0.07909226009753038, ""of"": 0.04495635380894442, ""PRP"": 0.03976728758546968, ""i"": 0.03683117809599831, ""could"": 0.036248296314598555, ""and"": 0.03216782536758698, ""the"": 0.029870952669920542, ""is"": 0.02622306456695618}"
Zeina Daboul,2025-11-29 23:59:34,20251129235934_328,4000,3200,800,M4,M4,gpt-3.5-turbo,gpt-3.5-turbo,peerread,peerread,0.985,0.985,0.985,0.985,0.985,1,0.985,0.985,0.985,0.985,"[751820, 750729, 751367, 752718, 751562, 751711]","[753215, 753439, 754171, 754547, 753803, 754012]","{""TTR"": 0.1393691006228957, ""sentiment"": 0.10125412818009616, ""RB"": 0.07493243353542024, ""of"": 0.050865734954255004, ""i"": 0.03866417491864163, ""the"": 0.033054729262286066, ""is"": 0.03136886715951963, ""PRP"": 0.029975916321451346, ""their"": 0.029869926368583218, ""could"": 0.028109981300102744}"
Zeina Daboul,2025-11-29 23:59:35,20251129235935_467,4000,3200,800,M4,M4,gpt-3.5-turbo,gpt-3.5-turbo,peerread,peerread,0.99125,0.9912496581897731,0.9913267698077826,0.99125,0.99119,1,0.985,0.991304347826087,0.9851851851851852,0.9975,"[750417, 750659, 752718, 752449, 750047, 752097]",[754415],"{""TTR"": 0.12444024050868972, ""sentiment"": 0.10979239030286876, ""RB"": 0.0737672734668606, ""of"": 0.04585709613656137, ""i"": 0.036732565166556805, ""could"": 0.03423429320492016, ""is"": 0.03388666264956197, ""their"": 0.033838406934969416, ""and"": 0.029109700840703603, ""mean_sen_len"": 0.028078478820409133}"
Zeina Daboul,2025-11-29 23:59:36,20251129235936_128,4000,3200,800,M4,M4,gpt-3.5-turbo,gpt-3.5-turbo,peerread,peerread,0.99375,0.993749912108139,0.9937777749998438,0.99375,0.99377,1,0.9975,0.9937264742785445,0.9974811083123426,0.99,[750419],"[753376, 754517, 754547, 755108]","{""TTR"": 0.11822391716325197, ""sentiment"": 0.10513940398614714, ""RB"": 0.07686839751913394, ""i"": 0.0430038575643811, ""of"": 0.03913583327458207, ""is"": 0.03696706903022804, ""their"": 0.032337484852346686, ""very"": 0.03126709220944141, ""the"": 0.030407584569603654, ""could"": 0.029928616320122347}"
Zeina Daboul,2025-11-29 23:59:37,20251129235937_590,4000,3200,800,M4,M4,gpt-3.5-turbo,gpt-3.5-turbo,peerread,peerread,0.99375,0.9937497558498378,0.9938271604938271,0.99375,0.99379,1,1.0,0.9937106918238994,1.0,0.9875,[],"[755015, 754517, 753215, 754306, 752874]","{""TTR"": 0.126787767451238, ""sentiment"": 0.10377042628394033, ""RB"": 0.07688959034694408, ""of"": 0.044458220312315104, ""i"": 0.03793270304966729, ""is"": 0.03333563431882948, ""could"": 0.03155523994957508, ""the"": 0.031279271792820036, ""PRP"": 0.03092860563138633, ""and"": 0.02696283606901857}"
Zeina Daboul,2025-11-29 23:59:37,20251129235937_12,4000,3200,800,M4,M4,gpt-3.5-turbo,gpt-3.5-turbo,peerread,peerread,0.9925,0.9925,0.9925,0.9925,0.9925,1,0.9925,0.9925,0.9925,0.9925,"[750787, 752599, 750047]","[754306, 755051, 754510]","{""TTR"": 0.1256196734487061, ""sentiment"": 0.10384596978865412, ""RB"": 0.07252015262822563, ""of"": 0.04367976700286981, ""PRP"": 0.03525962891086178, ""is"": 0.03400962265285665, ""could"": 0.03192122950262578, ""i"": 0.03171868609602865, ""their"": 0.031660435844463805, ""mean_sen_len"": 0.030613189349083726}"
Zeina Daboul,2025-11-29 23:59:38,20251129235938_404,4000,3200,800,M4,M4,gpt-3.5-turbo,gpt-3.5-turbo,peerread,peerread,0.98625,0.9862499785155915,0.9862530390814942,0.98625,0.98623,1,0.985,0.9862671660424469,0.9850374064837906,0.9875,"[750554, 751711, 750419, 752195, 751367, 751362]","[754887, 753053, 753439, 754791, 752874]","{""TTR"": 0.12905344112770245, ""sentiment"": 0.10260722347469242, ""RB"": 0.06439753363622491, ""of"": 0.04892016486708518, ""i"": 0.04479825651636112, ""is"": 0.04056698390947485, ""PRP"": 0.03272003458836751, ""mean_sen_len"": 0.03163379930394437, ""very"": 0.028107344598358553, ""their"": 0.025598061307581008}"
Zeina Daboul,2025-11-29 23:59:39,20251129235939_537,4000,3200,800,M4,M4,gpt-3.5-turbo,gpt-3.5-turbo,peerread,peerread,0.985,0.985,0.985,0.985,0.985,1,0.985,0.985,0.985,0.985,"[751562, 750370, 752195, 752059, 752049, 750787]","[753767, 754025, 753323, 754171, 753439, 754306]","{""TTR"": 0.1271386451810238, ""sentiment"": 0.10745718381004689, ""RB"": 0.08155174688666456, ""of"": 0.05116242208410913, ""i"": 0.04050271568620434, ""is"": 0.03598694735022609, ""PRP"": 0.032524262223562035, ""very"": 0.030267266948411153, ""mean_sen_len"": 0.029433483506224864, ""could"": 0.02849333102078049}"
Zeina Daboul,2025-11-29 23:59:39,20251129235939_633,4000,3200,800,M4,M4,gpt-3.5-turbo,gpt-3.5-turbo,peerread,peerread,0.995,0.995,0.995,0.995,0.995,1,0.995,0.995,0.995,0.995,"[750776, 751362]","[754738, 753036]","{""TTR"": 0.1080962401512493, ""sentiment"": 0.10311137958295877, ""RB"": 0.07836810752190974, ""of"": 0.04531361418611177, ""PRP"": 0.03682490165148828, ""is"": 0.03353034648745521, ""could"": 0.033298324174367414, ""their"": 0.02990797159046543, ""NNS"": 0.02867350908128523, ""the"": 0.028507577913695577}"
Zeina Daboul,2025-11-29 23:59:40,20251129235940_764,4000,3200,800,M4,M4,gpt-3.5-turbo,gpt-3.5-turbo,peerread,peerread,0.9875,0.9874999218745117,0.9875121878046952,0.9875,0.98753,1,0.99,0.9874686716791979,0.9899497487437185,0.985,"[750419, 752314, 750125, 750299]","[754887, 754171, 752946, 753897, 753223, 755051]","{""TTR"": 0.12429926246534885, ""sentiment"": 0.09678827448334455, ""RB"": 0.0834298006609966, ""of"": 0.04446131837745874, ""PRP"": 0.03986689861735933, ""i"": 0.03451385609403521, ""the"": 0.031266856608135635, ""is"": 0.0298253519482284, ""and"": 0.028755166267701696, ""mean_sen_len"": 0.02874110416846599}"
Zeina Daboul,2025-11-30 00:00:23,20251130000023_859,4000,3200,800,M4,M4,gpt-3.5-turbo,gpt-3.5-turbo,peerread,peerread,0.99375,0.9937499902343597,0.9937530859567871,0.99375,0.99376,1,0.995,0.9937421777221527,0.9949874686716792,0.9925,"[752314, 750729]","[752909, 754012, 754516]","{""TTR"": 0.12777800542215995, ""sentiment"": 0.10422305966324016, ""RB"": 0.0809757318610896, ""and"": 0.045268619260004785, ""of"": 0.03932850112420389, ""i"": 0.038246185642558335, ""PRP"": 0.036025797080541516, ""mean_sen_len"": 0.030698366119733946, ""is"": 0.02584376300814996, ""could"": 0.024162429853651954}"
Zeina Daboul,2025-11-30 00:00:24,20251130000024_976,4000,3200,800,M4,M4,gpt-3.5-turbo,gpt-3.5-turbo,peerread,peerread,0.99125,0.9912496581897731,0.9913267698077826,0.99125,0.9913,1,0.9975,0.9911949685534591,0.9974683544303797,0.985,[751820],"[753665, 754768, 753047, 754887, 754306, 753439]","{""TTR"": 0.12237520039589483, ""sentiment"": 0.10439166176911327, ""RB"": 0.0873974728765926, ""i"": 0.040004450727098774, ""PRP"": 0.03927334699918102, ""and"": 0.03505588403658845, ""of"": 0.03366264639049828, ""their"": 0.031977420677970464, ""mean_sen_len"": 0.02999852998893715, ""could"": 0.027823370675386334}"
Zeina Daboul,2025-11-30 00:00:25,20251130000025_137,4000,3200,800,M4,M4,gpt-3.5-turbo,gpt-3.5-turbo,peerread,peerread,0.9925,0.9924999531247071,0.9925123128078203,0.9925,0.99248,1,0.99,0.9925187032418953,0.9900497512437811,0.995,"[751562, 751113, 751711, 750729]","[753241, 753767]","{""TTR"": 0.12121671475301246, ""sentiment"": 0.09300027266000455, ""RB"": 0.07645257857536346, ""of"": 0.04565419373855438, ""PRP"": 0.04092305061686541, ""i"": 0.033647950749685955, ""the"": 0.03329092967702053, ""could"": 0.031799520441194884, ""and"": 0.031539199538794783, ""their"": 0.0314935750354417}"
Zeina Daboul,2025-11-30 00:00:25,20251130000025_901,4000,3200,800,M4,M4,gpt-3.5-turbo,gpt-3.5-turbo,peerread,peerread,0.98625,0.9862489471850189,0.9863989596814023,0.98625,0.98637,1,0.995,0.9861286254728878,0.9949109414758269,0.9775,"[750659, 751915]","[754172, 754306, 753215, 753223, 754547, 754887, 753241, 753439, 753109]","{""TTR"": 0.13415215680204248, ""sentiment"": 0.10030925979495879, ""RB"": 0.07828340568292906, ""of"": 0.039476246904827726, ""i"": 0.03791796778514735, ""PRP"": 0.03606645347901003, ""their"": 0.035014227562972206, ""could"": 0.03230940261445271, ""is"": 0.029209306561263575, ""NNS"": 0.026100464765074754}"
Zeina Daboul,2025-11-30 00:00:26,20251130000026_768,4000,3200,800,M4,M4,gpt-3.5-turbo,gpt-3.5-turbo,peerread,peerread,0.995,0.9949999687498047,0.9950123753093828,0.995,0.99499,1,0.9925,0.9950124688279302,0.9925373134328358,0.9975,"[750370, 752314, 750875]",[753376],"{""TTR"": 0.12930442682847876, ""sentiment"": 0.09776687620414169, ""RB"": 0.07986495909703867, ""of"": 0.04198670230634538, ""i"": 0.03913606758431454, ""PRP"": 0.03468699698351235, ""their"": 0.03413529533533717, ""is"": 0.030824413510084345, ""and"": 0.02906931648742879, ""NNS"": 0.02482424961386993}"
Zeina Daboul,2025-11-30 00:00:26,20251130000026_96,4000,3200,800,M4,M4,gpt-3.5-turbo,gpt-3.5-turbo,peerread,peerread,0.98,0.9799998749992187,0.9800120003000075,0.98,0.97995,1,0.9775,0.9800498753117207,0.9776119402985075,0.9825,"[750288, 750659, 752449, 750787, 751820, 752508, 752673, 751129, 751125]","[753803, 753215, 753278, 754104, 753241, 753533, 753491]","{""TTR"": 0.13436761012718432, ""sentiment"": 0.09821746526882505, ""RB"": 0.06911674252604148, ""of"": 0.04235366537472325, ""i"": 0.036725727097607644, ""the"": 0.03373108780244906, ""is"": 0.033517856682831755, ""PRP"": 0.03326395408257096, ""and"": 0.03232526382057492, ""mean_sen_len"": 0.03062228888591101}"
Zeina Daboul,2025-11-30 00:00:27,20251130000027_432,4000,3200,800,M4,M4,gpt-3.5-turbo,gpt-3.5-turbo,peerread,peerread,0.9875,0.987499296835447,0.9876097121852416,0.9875,0.98759,1,0.995,0.9874055415617129,0.9949238578680203,0.98,"[751562, 750299]","[753053, 752909, 754768, 753906, 754547, 753533, 753069, 752874]","{""TTR"": 0.12070984958102332, ""sentiment"": 0.11170774484797613, ""RB"": 0.08232045394786609, ""of"": 0.050081051065511105, ""is"": 0.03671581147153276, ""i"": 0.036235386318659975, ""PRP"": 0.03595591816418482, ""could"": 0.029988518163447844, ""mean_sen_len"": 0.027422475607894622, ""and"": 0.027205535391889392}"
Zeina Daboul,2025-11-30 00:00:28,20251130000028_216,4000,3200,800,M4,M4,gpt-3.5-turbo,gpt-3.5-turbo,peerread,peerread,0.99125,0.9912499863281036,0.9912530703316895,0.99125,0.99124,1,0.99,0.9912609238451935,0.9900249376558603,0.9925,"[750729, 750487, 750299, 750370]","[754450, 753533, 755195]","{""TTR"": 0.1306003039878231, ""sentiment"": 0.09146568192119674, ""RB"": 0.08502645583594357, ""of"": 0.042178597905685004, ""i"": 0.037522497000559374, ""mean_sen_len"": 0.029779071393560414, ""the"": 0.029334962202274398, ""is"": 0.029042666739585915, ""NNS"": 0.028662967439515685, ""could"": 0.02829854849082776}"
Zeina Daboul,2025-11-30 00:00:28,20251130000028_821,4000,3200,800,M4,M4,gpt-3.5-turbo,gpt-3.5-turbo,peerread,peerread,0.99,0.9899999374996094,0.9900122503062576,0.99,0.98997,1,0.9875,0.9900249376558603,0.9875621890547264,0.9925,"[750659, 750370, 752064, 751125, 750875]","[754306, 754887, 753533]","{""TTR"": 0.12943068900316596, ""sentiment"": 0.0997691690385919, ""RB"": 0.07717444052864529, ""of"": 0.03921911923626669, ""i"": 0.038620980570156775, ""and"": 0.03593691837935264, ""PRP"": 0.03327023382183202, ""is"": 0.030595589212712423, ""mean_sen_len"": 0.030473685767455422, ""their"": 0.02973712415668347}"
Zeina Daboul,2025-11-30 00:00:29,20251130000029_445,4000,3200,800,M4,M4,gpt-3.5-turbo,gpt-3.5-turbo,peerread,peerread,0.99125,0.9912499863281036,0.9912530703316895,0.99125,0.99126,1,0.9925,0.9912390488110138,0.9924812030075187,0.99,"[750482, 751711, 750787]","[752909, 753665, 754012, 754708]","{""TTR"": 0.12607754859697035, ""sentiment"": 0.09841037798012596, ""RB"": 0.07875685796737704, ""of"": 0.04487181779830671, ""PRP"": 0.039855191794439644, ""the"": 0.0396549117235398, ""could"": 0.03262064965366982, ""is"": 0.032569122507153436, ""i"": 0.03158342331229043, ""and"": 0.031010274671310276}"
Zeina Daboul,2025-11-30 00:00:30,20251130000030_659,4000,3200,800,M4,M4,gpt-3.5-turbo,gpt-3.5-turbo,peerread,peerread,0.99,0.99,0.99,0.99,0.99,1,0.99,0.99,0.99,0.99,"[751113, 750672, 750659, 750875]","[753047, 752874, 753376, 754738]","{""TTR"": 0.11375903885464585, ""sentiment"": 0.10396017303794457, ""RB"": 0.07896390195252008, ""of"": 0.04161392013530785, ""i"": 0.03922087497529289, ""could"": 0.03376922128324671, ""is"": 0.033267992125073406, ""their"": 0.032864038185406515, ""PRP"": 0.03189434438716486, ""mean_sen_len"": 0.03121818827899319}"
Zeina Daboul,2025-11-30 00:00:30,20251130000030_375,4000,3200,800,M4,M4,gpt-3.5-turbo,gpt-3.5-turbo,peerread,peerread,0.98875,0.9887499824218474,0.9887530547065918,0.98875,0.98874,1,0.9875,0.9887640449438202,0.9875311720698254,0.99,"[750419, 752508, 750370, 750729, 750487]","[754415, 753215, 754306, 753554]","{""TTR"": 0.12127588236414417, ""sentiment"": 0.09420811451094949, ""RB"": 0.07068209976376397, ""of"": 0.04969274980156119, ""and"": 0.04035723905530757, ""i"": 0.0361373760070082, ""is"": 0.032721947702362655, ""their"": 0.029091043044962947, ""very"": 0.028860129870217306, ""PRP"": 0.02884907791376295}"
Zeina Daboul,2025-11-30 00:00:31,20251130000031_215,4000,3200,800,M4,M4,gpt-3.5-turbo,gpt-3.5-turbo,peerread,peerread,0.99125,0.9912498769513945,0.9912776343669332,0.99125,0.99122,1,0.9875,0.9912826899128269,0.9875930521091811,0.995,"[750047, 751367, 752314, 752449, 750875]","[753462, 752909]","{""TTR"": 0.12911597416824092, ""sentiment"": 0.11129026881038684, ""RB"": 0.06979704515808798, ""of"": 0.04329182567800845, ""i"": 0.04226569095646002, ""is"": 0.03149531181943795, ""PRP"": 0.03076512661007466, ""very"": 0.02934246749214326, ""could"": 0.027765194375962875, ""mean_sen_len"": 0.0274451902956891}"
Zeina Daboul,2025-11-30 00:00:32,20251130000032_609,4000,3200,800,M4,M4,gpt-3.5-turbo,gpt-3.5-turbo,peerread,peerread,0.98875,0.9887491386059244,0.988899725540947,0.98875,0.98885,1,0.9975,0.9886506935687264,0.9974554707379135,0.98,[752031],"[754306, 754012, 754172, 753053, 754415, 754708, 752909, 754711]","{""TTR"": 0.11738772638223503, ""sentiment"": 0.1049614538035242, ""RB"": 0.06690972985763614, ""of"": 0.04454446688855637, ""is"": 0.03861601714058747, ""i"": 0.036846965827199506, ""PRP"": 0.03290353720353111, ""the"": 0.030526690726560814, ""their"": 0.029814889460575804, ""could"": 0.029808968685775757}"
Zeina Daboul,2025-11-30 00:00:32,20251130000032_464,4000,3200,800,M4,M4,gpt-3.5-turbo,gpt-3.5-turbo,peerread,peerread,0.99125,0.9912493300268302,0.9914004914004915,0.99125,0.99117,1,0.9825,0.9913258983890955,0.9828009828009828,1.0,"[750729, 750370, 751367, 750554, 750387, 750941, 751362]",[],"{""TTR"": 0.13867318516257257, ""sentiment"": 0.11016231676140581, ""RB"": 0.07347935947793988, ""of"": 0.03999757688849612, ""i"": 0.03326284083326328, ""could"": 0.032574775144399694, ""their"": 0.03186292128018253, ""and"": 0.03058900131744534, ""is"": 0.030180859805287622, ""PRP"": 0.028206284158835984}"
Zeina Daboul,2025-11-30 00:00:33,20251130000033_513,4000,3200,800,M4,M4,gpt-3.5-turbo,gpt-3.5-turbo,peerread,peerread,0.98875,0.9887499824218474,0.9887530547065918,0.98875,0.98876,1,0.99,0.9887359198998749,0.9899749373433584,0.9875,"[750370, 750875, 752195, 750047]","[754012, 754415, 753554, 754306, 755108]","{""TTR"": 0.1309519458307824, ""sentiment"": 0.10777453199484381, ""RB"": 0.06609396982229042, ""i"": 0.04444698850066727, ""of"": 0.042069215433658755, ""PRP"": 0.03287808753404444, ""and"": 0.03153719438780808, ""is"": 0.03020648825639457, ""could"": 0.029514585838314077, ""NNS"": 0.029161470999880736}"
Zeina Daboul,2025-11-30 00:00:34,20251130000034_254,4000,3200,800,M4,M4,gpt-3.5-turbo,gpt-3.5-turbo,peerread,peerread,0.9875,0.9874999218745117,0.9875121878046952,0.9875,0.98747,1,0.985,0.9875311720698254,0.9850746268656716,0.99,"[750659, 751562, 751711, 750047, 752718, 750059]","[753215, 755015, 753344, 754517]","{""TTR"": 0.11701870839854076, ""sentiment"": 0.10366838161195989, ""RB"": 0.08060210136984287, ""of"": 0.04214040391408068, ""i"": 0.037561556160682096, ""is"": 0.03476053088895669, ""PRP"": 0.03348957311862031, ""could"": 0.03273847764735974, ""NNS"": 0.03143013707255149, ""very"": 0.026564693217692222}"
Zeina Daboul,2025-11-30 00:00:34,20251130000034_412,4000,3200,800,M4,M4,gpt-3.5-turbo,gpt-3.5-turbo,peerread,peerread,0.9925,0.9924999531247071,0.9925123128078203,0.9925,0.99252,1,0.995,0.9924812030075187,0.9949748743718593,0.99,"[750209, 750672]","[754547, 753223, 754887, 754012]","{""TTR"": 0.12143152992612644, ""sentiment"": 0.10201461031850957, ""RB"": 0.07464831289410699, ""of"": 0.036501330794759326, ""i"": 0.03460215297390859, ""could"": 0.03399538824194457, ""and"": 0.0334611865803408, ""PRP"": 0.03317738475025122, ""their"": 0.031738720687456666, ""is"": 0.029403152454026554}"
Zeina Daboul,2025-11-30 00:00:35,20251130000035_770,4000,3200,800,M4,M4,gpt-3.5-turbo,gpt-3.5-turbo,peerread,peerread,0.98875,0.988748575991649,0.988997555012225,0.98875,0.98862,1,0.9775,0.9888751545117429,0.9779951100244498,1.0,"[752049, 750610, 750659, 752718, 750802, 750370, 752673, 750172, 751196]",[],"{""TTR"": 0.12397474325863327, ""sentiment"": 0.10445909792630122, ""RB"": 0.08159414730962967, ""of"": 0.04181251779840995, ""PRP"": 0.036621447164590315, ""i"": 0.03276064882536162, ""and"": 0.031963161604044645, ""is"": 0.031619120122493495, ""the"": 0.030276863355374335, ""could"": 0.02790360090224715}"
Zeina Daboul,2025-11-30 00:00:36,20251130000036_441,4000,3200,800,M4,M4,gpt-3.5-turbo,gpt-3.5-turbo,peerread,peerread,0.98875,0.9887499824218474,0.9887530547065918,0.98875,0.98876,1,0.99,0.9887359198998749,0.9899749373433584,0.9875,"[751672, 750299, 750787, 752449]","[752874, 753223, 754510, 755051, 752909]","{""TTR"": 0.13945342700591962, ""sentiment"": 0.09188012217394864, ""RB"": 0.07608517952689685, ""of"": 0.039746425440180436, ""i"": 0.03882843358752915, ""the"": 0.032522307103167544, ""is"": 0.030641826360051264, ""and"": 0.030401686869946397, ""could"": 0.0283931690326536, ""PRP"": 0.02832732956120728}"
Zeina Daboul,2025-11-30 00:00:36,20251130000036_16,4000,3200,800,M4,M4,gpt-3.5-turbo,gpt-3.5-turbo,peerread,peerread,0.985,0.984999906249414,0.9850121253031326,0.985,0.98504,1,0.9875,0.9849624060150376,0.9874371859296482,0.9825,"[750258, 751711, 751113, 751915, 751367]","[753309, 753215, 754364, 753533, 754516, 753767, 753803]","{""TTR"": 0.12516242540079056, ""sentiment"": 0.09678576047473778, ""RB"": 0.08712995767754363, ""of"": 0.044331092458220984, ""i"": 0.036251710075238266, ""PRP"": 0.03621525102441132, ""is"": 0.03270968087666622, ""their"": 0.03169554213334959, ""the"": 0.027199298831912726, ""and"": 0.027109946237405688}"
Zeina Daboul,2025-11-30 00:00:37,20251130000037_876,4000,3200,800,M4,M4,gpt-3.5-turbo,gpt-3.5-turbo,peerread,peerread,0.99125,0.9912498769513945,0.9912776343669332,0.99125,0.99122,1,0.9875,0.9912826899128269,0.9875930521091811,0.995,"[750047, 752449, 750387, 750672, 751915]","[755051, 754510]","{""TTR"": 0.12114343741441301, ""sentiment"": 0.10174821450756218, ""RB"": 0.0783811796396816, ""of"": 0.04677052097737691, ""is"": 0.03986613367176572, ""i"": 0.037960283915547094, ""PRP"": 0.034630286726368954, ""the"": 0.030367265718095213, ""their"": 0.027751872575802087, ""very"": 0.025835514957899076}"
Zeina Daboul,2025-11-30 00:00:37,20251130000037_305,4000,3200,800,M4,M4,gpt-3.5-turbo,gpt-3.5-turbo,peerread,peerread,0.9925,0.9924999531247071,0.9925123128078203,0.9925,0.99252,1,0.995,0.9924812030075187,0.9949748743718593,0.99,"[752195, 752449]","[754711, 755108, 753223, 753803]","{""TTR"": 0.11649130264735662, ""sentiment"": 0.09961984323596668, ""RB"": 0.07601207060366796, ""of"": 0.05017856574423777, ""PRP"": 0.04155361683749351, ""i"": 0.039711152662683824, ""could"": 0.03297933029685511, ""is"": 0.03169888532764369, ""very"": 0.026087583590006843, ""the"": 0.025631297533400304}"
Zeina Daboul,2025-11-30 00:00:38,20251130000038_923,4000,3200,800,M4,M4,gpt-3.5-turbo,gpt-3.5-turbo,peerread,peerread,0.9875,0.987499296835447,0.9876097121852416,0.9875,0.98759,1,0.995,0.9874055415617129,0.9949238578680203,0.98,"[751367, 752195]","[754172, 755087, 754303, 753554, 754568, 753462, 754738, 755051]","{""TTR"": 0.1252572839729906, ""sentiment"": 0.10737235718302722, ""RB"": 0.0726481766074991, ""of"": 0.04515203202033481, ""PRP"": 0.03666019630247457, ""and"": 0.035793389954111715, ""could"": 0.03541222000653782, ""their"": 0.03485837350599626, ""i"": 0.03456250928549074, ""is"": 0.027563424381953774}"
Zeina Daboul,2025-11-30 00:00:39,20251130000039_293,4000,3200,800,M4,M4,gpt-3.5-turbo,gpt-3.5-turbo,peerread,peerread,0.9825,0.9824998906243164,0.9825120628015699,0.9825,0.98246,1,0.98,0.9825436408977556,0.9800995024875622,0.985,"[751362, 751129, 751113, 750482, 752049, 752508, 750370, 751125]","[755070, 753533, 753215, 753376, 754306, 754025]","{""TTR"": 0.1164337725908568, ""sentiment"": 0.09148160786218053, ""RB"": 0.08706415964539498, ""of"": 0.04296439111759179, ""PRP"": 0.04041833671659302, ""i"": 0.03565652534010537, ""is"": 0.03459176863124034, ""and"": 0.034459593101579505, ""mean_sen_len"": 0.028653797162822, ""could"": 0.027721053387755504}"
Zeina Daboul,2025-11-30 00:00:39,20251130000039_958,4000,3200,800,M4,M4,gpt-3.5-turbo,gpt-3.5-turbo,peerread,peerread,0.98875,0.9887499824218474,0.9887530547065918,0.98875,0.98876,1,0.99,0.9887359198998749,0.9899749373433584,0.9875,"[752314, 750270, 752195, 750659]","[753241, 755015, 753802, 753053, 753533]","{""TTR"": 0.11757322541687427, ""sentiment"": 0.10183260075802922, ""RB"": 0.08077391488597349, ""of"": 0.045663873918321614, ""could"": 0.035155475818497775, ""mean_sen_len"": 0.03511078557089395, ""and"": 0.0341284513567698, ""is"": 0.03135796718069834, ""PRP"": 0.031030854240916783, ""i"": 0.029580651449239128}"
Zeina Daboul,2025-11-30 00:00:40,20251130000040_378,4000,3200,800,M4,M4,gpt-3.5-turbo,gpt-3.5-turbo,peerread,peerread,0.99375,0.9937499902343597,0.9937530859567871,0.99375,0.99374,1,0.9925,0.9937578027465668,0.9925187032418953,0.995,"[750387, 752064, 751562]","[754306, 753462]","{""sentiment"": 0.12339126578108119, ""TTR"": 0.11230037659095539, ""RB"": 0.07580194877039803, ""of"": 0.04347879385202991, ""PRP"": 0.03740156986695661, ""i"": 0.035516405033979966, ""could"": 0.034621887286846356, ""is"": 0.03191087079398774, ""and"": 0.02773767000819972, ""very"": 0.025182603257351922}"
Zeina Daboul,2025-11-30 00:00:41,20251130000041_870,4000,3200,800,M4,M4,gpt-3.5-turbo,gpt-3.5-turbo,peerread,peerread,0.9875,0.9874996874921874,0.9875487548754875,0.9875,0.98744,1,0.9825,0.9875621890547264,0.9826732673267327,0.9925,"[750941, 751820, 752049, 752195, 750787, 751125, 750299]","[752909, 753803, 754547]","{""TTR"": 0.12964633403636272, ""sentiment"": 0.10811675211174493, ""RB"": 0.07547088653794959, ""of"": 0.04390529079551087, ""i"": 0.04054726367135428, ""is"": 0.034054122884302186, ""PRP"": 0.031915947975871474, ""mean_sen_len"": 0.029674953054990665, ""their"": 0.02879067867404436, ""the"": 0.0278015399212114}"
Zeina Daboul,2025-11-30 00:00:41,20251130000041_371,4000,3200,800,M4,M4,gpt-3.5-turbo,gpt-3.5-turbo,peerread,peerread,0.9925,0.9924999531247071,0.9925123128078203,0.9925,0.99252,1,0.995,0.9924812030075187,0.9949748743718593,0.99,"[751362, 750672]","[753665, 753223, 753767, 752874]","{""TTR"": 0.12638317327073953, ""sentiment"": 0.10862042070341388, ""RB"": 0.07189574015758697, ""i"": 0.038099206228035316, ""of"": 0.03717648451239331, ""is"": 0.03640223883586828, ""PRP"": 0.03332607419032774, ""their"": 0.03164868265478396, ""and"": 0.029514232095024594, ""mean_sen_len"": 0.02948249763358444}"
Zeina Daboul,2025-11-30 00:00:42,20251130000042_919,4000,3200,800,M4,M4,gpt-3.5-turbo,gpt-3.5-turbo,peerread,peerread,0.98375,0.9837487557641131,0.983898193821858,0.98375,0.98361,1,0.975,0.9838909541511772,0.9754299754299754,0.9925,"[751820, 752314, 751362, 750487, 750787, 752031, 750387, 752449, 750172, 750047]","[753109, 753223, 754517]","{""TTR"": 0.12243850889742218, ""sentiment"": 0.11027603196808063, ""RB"": 0.07217436339577833, ""of"": 0.0443634322121542, ""i"": 0.03734039217728366, ""is"": 0.034558629379808, ""PRP"": 0.03294533657377659, ""could"": 0.030947375876469653, ""their"": 0.026883193590302636, ""and"": 0.026399476330272}"
Zeina Daboul,2025-11-30 00:00:43,20251130000043_918,4000,3200,800,M4,M4,gpt-3.5-turbo,gpt-3.5-turbo,peerread,peerread,0.98375,0.9837493652095785,0.9838255977496483,0.98375,0.98385,1,0.99,0.9836477987421384,0.9898734177215189,0.9775,"[751113, 750659, 751820, 752195]","[755095, 753223, 755051, 754547, 754012, 754364, 754306, 755085, 753376]","{""TTR"": 0.13196864388092508, ""sentiment"": 0.09797216322861241, ""RB"": 0.08391926942027171, ""i"": 0.04528315608056654, ""PRP"": 0.03861926578472667, ""of"": 0.03833848825232635, ""and"": 0.038291097254066785, ""is"": 0.029441612473579206, ""their"": 0.02542978180560868, ""could"": 0.025066524541858825}"
Zeina Daboul,2025-11-30 00:00:43,20251130000043_852,4000,3200,800,M4,M4,gpt-3.5-turbo,gpt-3.5-turbo,peerread,peerread,0.99,0.99,0.99,0.99,0.99,1,0.99,0.99,0.99,0.99,"[751711, 750673, 750729, 752449]","[753053, 753767, 753241, 752909]","{""TTR"": 0.12544336484000587, ""sentiment"": 0.09897394692384526, ""RB"": 0.07177344655943899, ""i"": 0.0455550467200062, ""of"": 0.038415247208176885, ""is"": 0.03667405177406493, ""PRP"": 0.03474171308546087, ""and"": 0.03200278058473118, ""their"": 0.028810010286142194, ""NNS"": 0.02713143920571448}"
Zeina Daboul,2025-11-30 00:00:44,20251130000044_267,4000,3200,800,M4,M4,gpt-3.5-turbo,gpt-3.5-turbo,peerread,peerread,0.99125,0.9912499863281036,0.9912530703316895,0.99125,0.99124,1,0.99,0.9912609238451935,0.9900249376558603,0.9925,"[750299, 752449, 751367, 752718]","[754517, 754711, 753533]","{""TTR"": 0.11919156848411391, ""sentiment"": 0.10017244809358752, ""RB"": 0.08738962793958951, ""i"": 0.04054493576859319, ""of"": 0.04042607049843893, ""PRP"": 0.04002326469924733, ""is"": 0.031110012614817308, ""the"": 0.02889137667431972, ""mean_sen_len"": 0.02874766811837554, ""their"": 0.0283419330421627}"
Zeina Daboul,2025-11-30 00:00:44,20251130000044_403,4000,3200,800,M4,M4,gpt-3.5-turbo,gpt-3.5-turbo,peerread,peerread,0.98875,0.9887499824218474,0.9887530547065918,0.98875,0.98874,1,0.9875,0.9887640449438202,0.9875311720698254,0.99,"[751113, 752314, 750059, 750787, 752508]","[753344, 753047, 754415, 753053]","{""sentiment"": 0.12313933660713512, ""TTR"": 0.10801670029850298, ""RB"": 0.07585310846071247, ""of"": 0.04042520744786294, ""i"": 0.03959437947434266, ""is"": 0.034589823690647295, ""and"": 0.03419121603814411, ""their"": 0.03152044262919403, ""PRP"": 0.029182121746100406, ""the"": 0.02857972204726487}"
Zeina Daboul,2025-11-30 00:00:45,20251130000045_634,4000,3200,800,M4,M4,gpt-3.5-turbo,gpt-3.5-turbo,peerread,peerread,0.9925,0.9924995781012683,0.9926108374384236,0.9925,0.99256,1,1.0,0.9924433249370277,1.0,0.985,[],"[753803, 753223, 754547, 753665, 754887, 753767]","{""TTR"": 0.11975381682514465, ""sentiment"": 0.09878417292767365, ""RB"": 0.07901716260639287, ""of"": 0.04513357777751648, ""i"": 0.03666452216508935, ""is"": 0.035282018215071466, ""PRP"": 0.03291278605128185, ""could"": 0.03138759288089668, ""their"": 0.028407685500293267, ""and"": 0.028364495187267975}"
Zeina Daboul,2025-11-30 00:00:46,20251130000046_417,4000,3200,800,M4,M4,gpt-3.5-turbo,gpt-3.5-turbo,peerread,peerread,0.98875,0.9887499824218474,0.9887530547065918,0.98875,0.98874,1,0.9875,0.9887640449438202,0.9875311720698254,0.99,"[750270, 750387, 750937, 750659, 750299]","[754547, 753053, 753462, 752940]","{""TTR"": 0.12447303480986527, ""sentiment"": 0.10006398569918043, ""RB"": 0.06929653191027108, ""of"": 0.04302423582543267, ""is"": 0.040603862506640345, ""i"": 0.03618818220292883, ""mean_sen_len"": 0.03309326893112006, ""PRP"": 0.0292935141342915, ""their"": 0.026877948294359702, ""the"": 0.026248219695143748}"
Zeina Daboul,2025-11-30 00:00:46,20251130000046_683,4000,3200,800,M4,M4,gpt-3.5-turbo,gpt-3.5-turbo,peerread,peerread,0.985,0.984999906249414,0.9850121253031326,0.985,0.98504,1,0.9875,0.9849624060150376,0.9874371859296482,0.9825,"[751562, 750875, 752420, 750729, 752449]","[752940, 754887, 752909, 755051, 753241, 754012, 753109]","{""TTR"": 0.11361397642665506, ""sentiment"": 0.10280204671062525, ""RB"": 0.07582564024034655, ""PRP"": 0.03811303612546524, ""of"": 0.03804414000532929, ""could"": 0.037443309096234556, ""the"": 0.03463909732106555, ""i"": 0.031944988770054306, ""is"": 0.0313161826712868, ""their"": 0.029409063640631655}"
Zeina Daboul,2025-11-30 00:00:47,20251130000047_469,4000,3200,800,M4,M4,gpt-3.5-turbo,gpt-3.5-turbo,peerread,peerread,0.9875,0.987499296835447,0.9876097121852416,0.9875,0.98759,1,0.995,0.9874055415617129,0.9949238578680203,0.98,"[752195, 750209]","[753439, 754012, 754510, 753215, 753053, 752874, 752954, 753533]","{""TTR"": 0.13010401957615947, ""sentiment"": 0.10103705685742771, ""RB"": 0.07597286047912422, ""of"": 0.04624645763917476, ""PRP"": 0.04094430683176523, ""and"": 0.03472728567616278, ""i"": 0.032187466186050534, ""could"": 0.032000091924389205, ""is"": 0.027657782819551523, ""the"": 0.0273893457766458}"
Zeina Daboul,2025-11-30 00:00:48,20251130000048_293,4000,3200,800,M4,M4,gpt-3.5-turbo,gpt-3.5-turbo,peerread,peerread,0.99125,0.9912498769513945,0.9912776343669332,0.99125,0.99128,1,0.995,0.9912170639899623,0.9949622166246851,0.9875,"[752599, 752718]","[754738, 754172, 754547, 755051, 753223]","{""TTR"": 0.130986104813029, ""sentiment"": 0.09783509106885417, ""RB"": 0.07746823329128208, ""of"": 0.043153697661519566, ""is"": 0.03481456403111995, ""i"": 0.03392756614682823, ""could"": 0.03115879883978266, ""the"": 0.03064103903390271, ""PRP"": 0.02764832409419008, ""and"": 0.0251155287569607}"
Zeina Daboul,2025-11-30 00:00:48,20251130000048_799,4000,3200,800,M4,M4,gpt-3.5-turbo,gpt-3.5-turbo,peerread,peerread,0.99125,0.9912498769513945,0.9912776343669332,0.99125,0.99122,1,0.9875,0.9912826899128269,0.9875930521091811,0.995,"[752059, 752097, 751711, 752449, 752049]","[753053, 753223]","{""TTR"": 0.12984724240679435, ""sentiment"": 0.11580632291127248, ""RB"": 0.06741234170807685, ""is"": 0.044618787020922375, ""of"": 0.038660959552455125, ""i"": 0.038513504131227685, ""PRP"": 0.03681741057519798, ""mean_sen_len"": 0.029748852009974985, ""their"": 0.027261352046748236, ""the"": 0.026768180971464845}"
Zeina Daboul,2025-11-30 00:00:49,20251130000049_583,4000,3200,800,M4,M4,gpt-3.5-turbo,gpt-3.5-turbo,peerread,peerread,0.98125,0.9812499707030792,0.9812530078312989,0.98125,0.98123,1,0.98,0.9812734082397003,0.9800498753117207,0.9825,"[752449, 750875, 752059, 751711, 750047, 750659, 752673, 752718]","[753053, 754568, 753767, 754171, 753533, 753344, 755051]","{""TTR"": 0.12536425799422027, ""sentiment"": 0.09300168312452413, ""RB"": 0.07117652350073252, ""of"": 0.051304053100314474, ""i"": 0.042389239428584434, ""PRP"": 0.03781680772210431, ""is"": 0.03604501945669163, ""could"": 0.03534858215291775, ""the"": 0.03034440098446947, ""their"": 0.028780134192747008}"
Zeina Daboul,2025-11-30 00:00:50,20251130000050_97,4000,3200,800,M4,M4,gpt-3.5-turbo,gpt-3.5-turbo,peerread,peerread,0.98625,0.9862498066379058,0.9862773531011119,0.98625,0.9863,1,0.99,0.986198243412798,0.9899244332493703,0.9825,"[752314, 751367, 750059, 752834]","[753897, 753109, 753533, 753462, 752874, 755015, 753665]","{""TTR"": 0.11736667375024293, ""sentiment"": 0.10794731389643147, ""RB"": 0.07347427185978836, ""of"": 0.047475822136605846, ""i"": 0.045455951146910485, ""is"": 0.03620863541000085, ""and"": 0.03389206947707431, ""could"": 0.03041338896221487, ""the"": 0.02810171735684774, ""PRP"": 0.02775808728136126}"
Zeina Daboul,2025-11-30 00:00:50,20251130000050_960,4000,3200,800,M4,M4,gpt-3.5-turbo,gpt-3.5-turbo,peerread,peerread,0.97875,0.9787499667968231,0.9787529922062013,0.97875,0.97878,1,0.98,0.9787234042553191,0.9799498746867168,0.9775,"[751915, 750937, 750672, 752059, 750059, 750387, 751367, 751562]","[754711, 753767, 753665, 753554, 753215, 753439, 754172, 753803, 753533]","{""TTR"": 0.12357477867934591, ""sentiment"": 0.10117407117115844, ""RB"": 0.06749413019621232, ""of"": 0.041826317177125524, ""is"": 0.03593754363528218, ""their"": 0.035340089856574115, ""PRP"": 0.0348059852502303, ""i"": 0.032543291159466345, ""mean_sen_len"": 0.03226007695698184, ""and"": 0.0321661836882821}"
Zeina Daboul,2025-11-30 00:00:51,20251130000051_857,4000,3200,800,M4,M4,gpt-3.5-turbo,gpt-3.5-turbo,peerread,peerread,0.9925,0.9924999531247071,0.9925123128078203,0.9925,0.99252,1,0.995,0.9924812030075187,0.9949748743718593,0.99,"[750172, 751711]","[752874, 753665, 754510, 754303]","{""TTR"": 0.12956169719902574, ""sentiment"": 0.1091226405787676, ""RB"": 0.07527809718527362, ""of"": 0.05187177971449908, ""i"": 0.04443238882549222, ""their"": 0.03257727880259843, ""is"": 0.03147816218778827, ""could"": 0.030887108359168303, ""PRP"": 0.029362040259583937, ""mean_sen_len"": 0.027433838243660066}"
Zeina Daboul,2025-11-30 00:00:52,20251130000052_10,4000,3200,800,M4,M4,gpt-3.5-turbo,gpt-3.5-turbo,peerread,peerread,0.9875,0.9874999218745117,0.9875121878046952,0.9875,0.98753,1,0.99,0.9874686716791979,0.9899497487437185,0.985,"[750875, 750387, 750672, 750787]","[755051, 753462, 753803, 754172, 755085, 753767]","{""TTR"": 0.14315562274501215, ""sentiment"": 0.09711429548968754, ""RB"": 0.07429625717878069, ""of"": 0.04102901970084506, ""PRP"": 0.03983749260928632, ""i"": 0.0376842455756686, ""could"": 0.03119437662769333, ""and"": 0.029338864302366367, ""is"": 0.026522969810745266, ""the"": 0.026347436530213715}"
Zeina Daboul,2025-11-30 00:00:52,20251130000052_144,4000,3200,800,M4,M4,gpt-3.5-turbo,gpt-3.5-turbo,peerread,peerread,0.99625,0.9962499941406158,0.9962531015818848,0.99625,0.99625,1,0.995,0.9962546816479401,0.9950124688279302,0.9975,"[752420, 750787]",[753047],"{""TTR"": 0.1259210688525786, ""sentiment"": 0.09430780628365767, ""RB"": 0.07590699332533585, ""is"": 0.04182198953839073, ""of"": 0.04061567500878433, ""i"": 0.0398324864526782, ""PRP"": 0.03724724515261149, ""mean_sen_len"": 0.03233908136284766, ""could"": 0.031407458535294246, ""their"": 0.028406716940006814}"
Zeina Daboul,2025-11-30 00:00:53,20251130000053_52,4000,3200,800,M4,M4,gpt-3.5-turbo,gpt-3.5-turbo,peerread,peerread,0.985,0.984999906249414,0.9850121253031326,0.985,0.98496,1,0.9825,0.9850374064837906,0.9825870646766169,0.9875,"[751362, 752049, 751113, 751562, 750209, 752031, 750554]","[754306, 752909, 754708, 753109, 752874]","{""TTR"": 0.12888417747836267, ""sentiment"": 0.10868733765174024, ""RB"": 0.07129249012389233, ""of"": 0.04711574307733122, ""i"": 0.037278850197464235, ""PRP"": 0.03366075034876914, ""is"": 0.03161423528647113, ""the"": 0.0307949403450516, ""could"": 0.03005560494709097, ""their"": 0.027258294716907452}"
Zeina Daboul,2025-11-30 00:00:53,20251130000053_40,4000,3200,800,M4,M4,gpt-3.5-turbo,gpt-3.5-turbo,peerread,peerread,0.99625,0.9962499941406158,0.9962531015818848,0.99625,0.99625,1,0.995,0.9962546816479401,0.9950124688279302,0.9975,"[752420, 750419]",[752874],"{""TTR"": 0.12022999482598981, ""sentiment"": 0.10557360789659556, ""RB"": 0.07352668151078574, ""of"": 0.040258078941645487, ""is"": 0.036433331719211884, ""PRP"": 0.036378270918116885, ""i"": 0.034265051590884936, ""their"": 0.032051890964354346, ""and"": 0.03020696657227053, ""could"": 0.02750900602410915}"
Zeina Daboul,2025-11-30 00:00:54,20251130000054_723,4000,3200,800,M4,M4,gpt-3.5-turbo,gpt-3.5-turbo,peerread,peerread,0.9925,0.9924999531247071,0.9925123128078203,0.9925,0.99248,1,0.99,0.9925187032418953,0.9900497512437811,0.995,"[750659, 750729, 750554, 750047]","[754517, 754887]","{""TTR"": 0.10672057303541432, ""sentiment"": 0.09389014582079158, ""RB"": 0.06847430090189674, ""of"": 0.04201189707497055, ""could"": 0.04156411772483011, ""PRP"": 0.039793929313599784, ""i"": 0.03713789696893695, ""and"": 0.035583813792640924, ""is"": 0.030301986028876345, ""the"": 0.029944290095247766}"
Zeina Daboul,2025-11-30 00:00:55,20251130000055_611,4000,3200,800,M4,M4,gpt-3.5-turbo,gpt-3.5-turbo,peerread,peerread,0.9875,0.9874999218745117,0.9875121878046952,0.9875,0.98753,1,0.99,0.9874686716791979,0.9899497487437185,0.985,"[750387, 752599, 750059, 752676]","[754012, 753439, 755108, 754708, 753665, 753047]","{""TTR"": 0.13559055114683216, ""sentiment"": 0.09642675806937336, ""RB"": 0.07733170178025209, ""of"": 0.04408808799405255, ""i"": 0.04228352237381068, ""the"": 0.03168810394102171, ""is"": 0.031626754798576295, ""could"": 0.030010927208700387, ""PRP"": 0.02847901472658313, ""their"": 0.028390102814783637}"
Zeina Daboul,2025-11-30 00:00:55,20251130000055_278,4000,3200,800,M4,M4,gpt-3.5-turbo,gpt-3.5-turbo,peerread,peerread,0.9875,0.987499296835447,0.9876097121852416,0.9875,0.98759,1,0.995,0.9874055415617129,0.9949238578680203,0.98,"[750787, 750288]","[753462, 753554, 754887, 752874, 753767, 755052, 754306, 753215]","{""TTR"": 0.12788180961498732, ""sentiment"": 0.09779583811767759, ""RB"": 0.08271538803633031, ""of"": 0.03681999699290166, ""very"": 0.035922131294828165, ""the"": 0.033609560865176684, ""i"": 0.03355406270042484, ""PRP"": 0.030241176024615454, ""is"": 0.03016674773785066, ""their"": 0.030025682063275563}"
Zeina Daboul,2025-11-30 00:00:56,20251130000056_493,4000,3200,800,M4,M4,gpt-3.5-turbo,gpt-3.5-turbo,peerread,peerread,0.98,0.9799994999874997,0.98004800480048,0.98,0.9799,1,0.975,0.9800995024875622,0.9752475247524752,0.985,"[750659, 751349, 751367, 752049, 752420, 750610, 750729, 751915, 751711, 752059]","[755051, 754517, 753665, 755052, 754171, 754547]","{""TTR"": 0.13952763966230233, ""sentiment"": 0.09999759682862015, ""RB"": 0.07739347366042128, ""of"": 0.04522710852652363, ""and"": 0.033624973732412494, ""i"": 0.0327767102152914, ""is"": 0.0304645431166972, ""could"": 0.030201943941603342, ""PRP"": 0.028683733163473203, ""their"": 0.026860424049989926}"
Zeina Daboul,2025-11-30 00:00:57,20251130000057_657,4000,3200,800,M4,M4,gpt-3.5-turbo,gpt-3.5-turbo,peerread,peerread,0.99,0.9899997499937498,0.9900490049004901,0.99,0.99005,1,0.995,0.9899497487437185,0.9949494949494949,0.985,"[750672, 752195]","[753897, 753665, 753215, 754568, 754171, 752874]","{""TTR"": 0.13014881672910122, ""sentiment"": 0.10397687504751707, ""RB"": 0.07973682028421143, ""of"": 0.04114199466401462, ""is"": 0.03579936228159159, ""i"": 0.03287375220943706, ""PRP"": 0.032636238678855144, ""and"": 0.031306441024133866, ""their"": 0.030311358331656213, ""could"": 0.028276857128896576}"
Zeina Daboul,2025-11-30 00:00:57,20251130000057_696,4000,3200,800,M4,M4,gpt-3.5-turbo,gpt-3.5-turbo,peerread,peerread,0.9875,0.9874999218745117,0.9875121878046952,0.9875,0.98747,1,0.985,0.9875311720698254,0.9850746268656716,0.99,"[750370, 750387, 751915, 752064, 752676, 752059]","[755095, 752909, 755051, 754517]","{""TTR"": 0.12776442400615187, ""sentiment"": 0.11090568497398284, ""RB"": 0.07512657906135421, ""of"": 0.04514038457710606, ""i"": 0.04089716719675456, ""PRP"": 0.036039126303570757, ""is"": 0.030747316390863078, ""could"": 0.028911421579310894, ""the"": 0.028205988485007227, ""NNS"": 0.02661474798135742}"
Zeina Daboul,2025-11-30 00:00:58,20251130000058_48,4000,3200,800,M4,M4,gpt-3.5-turbo,gpt-3.5-turbo,peerread,peerread,0.98875,0.9887499824218474,0.9887530547065918,0.98875,0.98876,1,0.99,0.9887359198998749,0.9899749373433584,0.9875,"[752504, 750659, 751711, 750288]","[755015, 754171, 755051, 752909, 753219]","{""TTR"": 0.11433969094473248, ""sentiment"": 0.09956979213469996, ""RB"": 0.08001071972056499, ""i"": 0.04359955009824992, ""of"": 0.04157139942323784, ""is"": 0.0351186171140749, ""could"": 0.031028306924917377, ""very"": 0.029729274579668466, ""PRP"": 0.029175319249160055, ""their"": 0.02744638666545639}"
Zeina Daboul,2025-11-30 00:00:59,20251130000059_454,4000,3200,800,M4,M4,gpt-3.5-turbo,gpt-3.5-turbo,peerread,peerread,0.98625,0.9862498066379058,0.9862773531011119,0.98625,0.9863,1,0.99,0.986198243412798,0.9899244332493703,0.9825,"[752049, 752449, 750672, 750047]","[754172, 753439, 754887, 754924, 754171, 754829, 754415]","{""TTR"": 0.12108254163565563, ""sentiment"": 0.0964860361201882, ""RB"": 0.07368889138409272, ""of"": 0.042561379546564415, ""i"": 0.04031293959103456, ""PRP"": 0.03932483371072936, ""is"": 0.03711473357670162, ""and"": 0.032144340074371794, ""could"": 0.025628817717656027, ""mean_sen_len"": 0.025378018430319886}"
Zeina Daboul,2025-11-30 00:00:59,20251130000059_492,4000,3200,800,M4,M4,gpt-3.5-turbo,gpt-3.5-turbo,peerread,peerread,0.98625,0.9862498066379058,0.9862773531011119,0.98625,0.9862,1,0.9825,0.9863013698630136,0.9826302729528535,0.99,"[751367, 752059, 752420, 751711, 750787, 752449, 752049]","[754510, 753802, 752874, 753533]","{""TTR"": 0.12889625296348575, ""sentiment"": 0.10278201530071365, ""RB"": 0.0758970692073653, ""of"": 0.04327328041655573, ""PRP"": 0.04057133872618022, ""i"": 0.03692221634896882, ""is"": 0.035803860809680906, ""and"": 0.030858869750479224, ""could"": 0.028994511165371373, ""their"": 0.02877008641525663}"
Zeina Daboul,2025-11-30 00:01:00,20251130000100_148,4000,3200,800,M4,M4,gpt-3.5-turbo,gpt-3.5-turbo,peerread,peerread,0.98875,0.9887499824218474,0.9887530547065918,0.98875,0.98876,1,0.99,0.9887359198998749,0.9899749373433584,0.9875,"[750172, 752314, 752049, 750209]","[754171, 754547, 753803, 753533, 754172]","{""TTR"": 0.13457186392911435, ""sentiment"": 0.09877398719171497, ""RB"": 0.07893005467158966, ""of"": 0.046349052324307055, ""PRP"": 0.040921465082940464, ""i"": 0.03461715618543473, ""is"": 0.03161686528391275, ""could"": 0.028179374887942955, ""and"": 0.026899215347252398, ""their"": 0.026027975855365027}"
Zeina Daboul,2025-11-30 00:01:01,20251130000101_922,4000,3200,800,M4,M4,gpt-3.5-turbo,gpt-3.5-turbo,peerread,peerread,0.9875,0.9874987498749874,0.9876950780312126,0.9875,0.98762,1,0.9975,0.9873737373737373,0.9974489795918368,0.9775,[750299],"[753802, 753109, 753376, 752909, 753803, 755051, 753533, 753309, 754517]","{""TTR"": 0.12339464468182255, ""sentiment"": 0.10822179712844733, ""RB"": 0.079855458716749, ""of"": 0.04515976028177726, ""i"": 0.04265566623156313, ""is"": 0.03526658532320891, ""PRP"": 0.030259334493167676, ""could"": 0.028306152245927686, ""and"": 0.028079677444640946, ""mean_sen_len"": 0.026164874555998315}"
Zeina Daboul,2025-11-30 00:01:01,20251130000101_665,4000,3200,800,M4,M4,gpt-3.5-turbo,gpt-3.5-turbo,peerread,peerread,0.9975,0.9974999843749024,0.9975124378109453,0.9975,0.99751,1,1.0,0.9974937343358395,1.0,0.995,[],"[753053, 755051]","{""TTR"": 0.11864232571828273, ""sentiment"": 0.10639188142887841, ""RB"": 0.07661130538002545, ""i"": 0.0476838423273957, ""of"": 0.04036741058392944, ""the"": 0.03513220687874142, ""could"": 0.03465152157757352, ""is"": 0.033905358104126905, ""their"": 0.03211310277699318, ""PRP"": 0.028839653516772066}"
Zeina Daboul,2025-11-30 00:01:02,20251130000102_96,4000,3200,800,M4,M4,gpt-3.5-turbo,gpt-3.5-turbo,peerread,peerread,0.9875,0.987499296835447,0.9876097121852416,0.9875,0.98741,1,0.98,0.9875930521091811,0.9802955665024631,0.995,"[751820, 750172, 750875, 751562, 750059, 752195, 751672, 750419]","[753439, 753053]","{""TTR"": 0.11887891383302218, ""sentiment"": 0.10862358892492256, ""RB"": 0.07902329241766802, ""i"": 0.038346190661768455, ""of"": 0.03621541665037238, ""is"": 0.03404659968662176, ""and"": 0.031296554399426885, ""PRP"": 0.030852486879679106, ""could"": 0.028824781108240955, ""the"": 0.02794718593009037}"
Zeina Daboul,2025-11-30 00:01:02,20251130000102_864,4000,3200,800,M4,M4,gpt-3.5-turbo,gpt-3.5-turbo,peerread,peerread,0.99,0.9899999374996094,0.9900122503062576,0.99,0.99002,1,0.9925,0.9899749373433584,0.992462311557789,0.9875,"[752064, 752420, 750875]","[754547, 754306, 754711, 754887, 754385]","{""TTR"": 0.13297843164312823, ""sentiment"": 0.0896712272200188, ""RB"": 0.08054771668095627, ""of"": 0.043019674427091766, ""is"": 0.03351752823940368, ""PRP"": 0.03227985604582085, ""could"": 0.031990398253805855, ""i"": 0.031226480646137745, ""the"": 0.029400422971151075, ""and"": 0.028646637588789894}"
Zeina Daboul,2025-11-30 00:01:03,20251130000103_50,4000,3200,800,M4,M4,gpt-3.5-turbo,gpt-3.5-turbo,peerread,peerread,0.99,0.9899997499937498,0.9900490049004901,0.99,0.99005,1,0.995,0.9899497487437185,0.9949494949494949,0.985,"[752420, 750417]","[753767, 754172, 755108, 754306, 753533, 755087]","{""TTR"": 0.14452898501946043, ""sentiment"": 0.11047090391111547, ""RB"": 0.06962140804597214, ""i"": 0.036771669335664524, ""could"": 0.03676249384816167, ""of"": 0.03609202369953332, ""their"": 0.029945754069184004, ""the"": 0.029795023905676944, ""PRP"": 0.029545093122366653, ""is"": 0.028732647836296935}"
Zeina Daboul,2025-11-30 00:01:04,20251130000104_616,4000,3200,800,M4,M4,gpt-3.5-turbo,gpt-3.5-turbo,peerread,peerread,0.98375,0.9837493652095785,0.9838255977496483,0.98375,0.98365,1,0.9775,0.9838509316770186,0.9777777777777777,0.99,"[750554, 752059, 752031, 752195, 750419, 750729, 752449, 752064, 750270]","[754172, 753047, 754887, 754306]","{""TTR"": 0.11881111821827696, ""sentiment"": 0.11092424222037212, ""RB"": 0.0763759836448764, ""of"": 0.041050486362313204, ""PRP"": 0.0385511663633709, ""could"": 0.037151788479738185, ""and"": 0.034222856465671796, ""their"": 0.033635146520473815, ""is"": 0.030367960236640016, ""i"": 0.02878846194528194}"
Zeina Daboul,2025-11-30 00:01:04,20251130000104_472,4000,3200,800,M4,M4,gpt-3.5-turbo,gpt-3.5-turbo,peerread,peerread,0.995,0.9949999687498047,0.9950123753093828,0.995,0.99501,1,0.9975,0.9949874686716792,0.9974874371859297,0.9925,[750729],"[753533, 753803, 754547]","{""TTR"": 0.14712328901670507, ""sentiment"": 0.09202349649144552, ""RB"": 0.07287357684290907, ""of"": 0.04523454966535706, ""is"": 0.03354844335193328, ""PRP"": 0.0315814197694043, ""and"": 0.03088712439900682, ""i"": 0.030844017559340086, ""could"": 0.028116923988509374, ""their"": 0.02740345756477623}"
Zeina Daboul,2025-11-30 00:01:05,20251130000105_448,4000,3200,800,M4,M4,gpt-3.5-turbo,gpt-3.5-turbo,peerread,peerread,0.9875,0.9875,0.9875,0.9875,0.9875,1,0.9875,0.9875,0.9875,0.9875,"[752049, 751820, 751915, 750875, 752420]","[754012, 754517, 753215, 754306, 753462]","{""sentiment"": 0.10877286690098971, ""TTR"": 0.10383382551401286, ""RB"": 0.07410109230561528, ""of"": 0.04775228362515824, ""PRP"": 0.03789060987563768, ""is"": 0.036199217714602085, ""their"": 0.03563384316371018, ""i"": 0.03484268029368352, ""could"": 0.034573388061249016, ""NNS"": 0.028547875374352338}"
Zeina Daboul,2025-11-30 00:01:06,20251130000106_150,4000,3200,800,M4,M4,gpt-3.5-turbo,gpt-3.5-turbo,peerread,peerread,0.98375,0.9837493652095785,0.9838255977496483,0.98375,0.98385,1,0.99,0.9836477987421384,0.9898734177215189,0.9775,"[750554, 752420, 751915, 750047]","[753109, 754708, 753047, 752874, 753223, 753665, 754032, 753053, 753491]","{""TTR"": 0.131023783154171, ""sentiment"": 0.11248995424793568, ""RB"": 0.07671432958403614, ""i"": 0.04346771620416548, ""and"": 0.03671338192846108, ""of"": 0.03565493672442727, ""PRP"": 0.03475147843466876, ""is"": 0.033025265842348536, ""the"": 0.029590907629498536, ""could"": 0.026270825084531328}"
Zeina Daboul,2025-11-30 00:01:06,20251130000106_991,4000,3200,800,M4,M4,gpt-3.5-turbo,gpt-3.5-turbo,peerread,peerread,0.99,0.9899999374996094,0.9900122503062576,0.99,0.99002,1,0.9925,0.9899749373433584,0.992462311557789,0.9875,"[750387, 750875, 750125]","[753069, 752954, 753533, 754171, 754415]","{""TTR"": 0.12261081029535648, ""sentiment"": 0.11347442794896834, ""RB"": 0.08650858837768041, ""i"": 0.04060671909099093, ""of"": 0.03839436301865332, ""and"": 0.035345992960673894, ""PRP"": 0.03275820511539465, ""their"": 0.03238697902705671, ""is"": 0.027268299354285798, ""the"": 0.025635537375178957}"
Zeina Daboul,2025-11-30 00:01:07,20251130000107_710,4000,3200,800,M4,M4,gpt-3.5-turbo,gpt-3.5-turbo,peerread,peerread,0.995,0.995,0.995,0.995,0.995,1,0.995,0.995,0.995,0.995,"[752195, 752314]","[753665, 754517]","{""TTR"": 0.12072827855033291, ""sentiment"": 0.09886337495386563, ""RB"": 0.08368668132561279, ""of"": 0.043019423534338366, ""i"": 0.037499042295228525, ""is"": 0.031602036105357716, ""and"": 0.03156715509349903, ""PRP"": 0.03062157336452537, ""mean_sen_len"": 0.027592793855648917, ""the"": 0.02737295908918103}"
Zeina Daboul,2025-11-30 00:01:08,20251130000108_439,4000,3200,800,M4,M4,gpt-3.5-turbo,gpt-3.5-turbo,peerread,peerread,0.99,0.9899999374996094,0.9900122503062576,0.99,0.99002,1,0.9925,0.9899749373433584,0.992462311557789,0.9875,"[750047, 750059, 752314]","[754306, 755051, 754708, 753439, 754517]","{""TTR"": 0.1331509448352454, ""sentiment"": 0.11051308423126312, ""RB"": 0.07345098645155215, ""of"": 0.03976035593318191, ""and"": 0.03521689447293263, ""is"": 0.03412812937185824, ""their"": 0.03295857136636723, ""i"": 0.03193461415658509, ""PRP"": 0.031258036143576175, ""mean_sen_len"": 0.025442357638977404}"
Zeina Daboul,2025-11-30 00:01:08,20251130000108_290,4000,3200,800,M4,M4,gpt-3.5-turbo,gpt-3.5-turbo,peerread,peerread,0.99,0.99,0.99,0.99,0.99,1,0.99,0.99,0.99,0.99,"[751129, 750387, 750776, 750172]","[754171, 754624, 755108, 755015]","{""TTR"": 0.1314621168006822, ""sentiment"": 0.10339816297038044, ""RB"": 0.07555205674733279, ""of"": 0.04529549185245314, ""i"": 0.03856001244028714, ""PRP"": 0.03259059050116692, ""their"": 0.031559052493552224, ""is"": 0.03149240976255558, ""and"": 0.029183781573062208, ""could"": 0.02794854062335873}"
Zeina Daboul,2025-11-30 00:01:09,20251130000109_200,4000,3200,800,M4,M4,gpt-3.5-turbo,gpt-3.5-turbo,peerread,peerread,0.98875,0.9887498417946503,0.9887774937340226,0.98875,0.98879,1,0.9925,0.9887076537013801,0.9924433249370277,0.985,"[750370, 751915, 750729]","[755015, 753241, 753533, 752874, 754172, 754708]","{""TTR"": 0.13565070296584306, ""sentiment"": 0.11479419756775146, ""RB"": 0.07062381507334038, ""of"": 0.04449384389409064, ""i"": 0.04304167324725085, ""is"": 0.03256432795733968, ""PRP"": 0.03181158700067324, ""very"": 0.029827664029230566, ""could"": 0.028579201174158676, ""and"": 0.027424405364614636}"
Zeina Daboul,2025-11-30 00:01:10,20251130000110_929,4000,3200,800,M4,M4,gpt-3.5-turbo,gpt-3.5-turbo,peerread,peerread,0.9925,0.9925,0.9925,0.9925,0.9925,1,0.9925,0.9925,0.9925,0.9925,"[752049, 750787, 750059]","[754547, 755015, 753767]","{""TTR"": 0.12905051680599625, ""sentiment"": 0.1011284422751202, ""RB"": 0.07173664464838156, ""of"": 0.04498938423584568, ""i"": 0.037335454839215416, ""their"": 0.036994399387981644, ""and"": 0.03432913137563704, ""could"": 0.0321583058020918, ""PRP"": 0.030533704218546717, ""is"": 0.029000028917438792}"
Zeina Daboul,2025-11-30 00:01:10,20251130000110_475,4000,3200,800,M4,M4,gpt-3.5-turbo,gpt-3.5-turbo,peerread,peerread,0.99,0.9899997499937498,0.9900490049004901,0.99,0.99005,1,0.995,0.9899497487437185,0.9949494949494949,0.985,"[750370, 752420]","[752909, 755108, 753118, 753802, 752874, 753223]","{""TTR"": 0.11033625436897156, ""sentiment"": 0.10122819889861669, ""RB"": 0.06984758419064639, ""i"": 0.04661365313342535, ""of"": 0.04333309891754077, ""is"": 0.03531935215569401, ""PRP"": 0.033973418031711645, ""the"": 0.03014570567959784, ""could"": 0.02959342195168318, ""mean_sen_len"": 0.02938793139296641}"
Zeina Daboul,2025-11-30 00:01:11,20251130000111_96,4000,3200,800,M4,M4,gpt-3.5-turbo,gpt-3.5-turbo,peerread,peerread,0.9875,0.987499296835447,0.9876097121852416,0.9875,0.98759,1,0.995,0.9874055415617129,0.9949238578680203,0.98,"[752599, 750209]","[753803, 752874, 753439, 754768, 754171, 755015, 753533, 753554]","{""TTR"": 0.13803350213063836, ""sentiment"": 0.09790029831671976, ""RB"": 0.08005295655004209, ""of"": 0.03896698795392055, ""i"": 0.036250034498112274, ""is"": 0.032897932542820536, ""could"": 0.0312393037688143, ""very"": 0.03020952489472888, ""and"": 0.029817815368535935, ""PRP"": 0.029113991138206226}"
Zeina Daboul,2025-11-30 00:01:11,20251130000111_337,4000,3200,800,M4,M4,gpt-3.5-turbo,gpt-3.5-turbo,peerread,peerread,0.99125,0.9912499863281036,0.9912530703316895,0.99125,0.99126,1,0.9925,0.9912390488110138,0.9924812030075187,0.99,"[750059, 752049, 751562]","[754171, 753439, 754306, 753109]","{""TTR"": 0.12848968985738696, ""sentiment"": 0.10204440551354761, ""RB"": 0.07695438445815168, ""of"": 0.040276983082946645, ""their"": 0.03479812426280593, ""PRP"": 0.03426734619105375, ""and"": 0.03345562155352959, ""could"": 0.030857466164748173, ""mean_sen_len"": 0.03024691501924843, ""is"": 0.030048199711113496}"
Zeina Daboul,2025-11-30 00:01:12,20251130000112_564,4000,3200,800,M4,M4,gpt-3.5-turbo,gpt-3.5-turbo,peerread,peerread,0.9875,0.9874999218745117,0.9875121878046952,0.9875,0.98753,1,0.99,0.9874686716791979,0.9899497487437185,0.985,"[750387, 750059, 750417, 752676]","[753053, 752946, 753533, 754331, 753223, 754172]","{""TTR"": 0.14474786595406153, ""sentiment"": 0.09682448384390387, ""RB"": 0.07730150757011435, ""of"": 0.04456978750083424, ""i"": 0.03892729253543231, ""PRP"": 0.031766191362833214, ""their"": 0.030194514319194593, ""is"": 0.0296637012558122, ""and"": 0.027704907658861844, ""could"": 0.02746748644151672}"
Zeina Daboul,2025-11-30 00:01:13,20251130000113_246,4000,3200,800,M4,M4,gpt-3.5-turbo,gpt-3.5-turbo,peerread,peerread,0.99375,0.9937499902343597,0.9937530859567871,0.99375,0.99374,1,0.9925,0.9937578027465668,0.9925187032418953,0.995,"[750672, 750387, 751367]","[753439, 752874]","{""TTR"": 0.13654078933257693, ""sentiment"": 0.09003955541653293, ""RB"": 0.08008555832685232, ""of"": 0.04593347372402862, ""i"": 0.040112967454990954, ""and"": 0.03497516887144259, ""is"": 0.03379420821593575, ""their"": 0.03146601354878029, ""PRP"": 0.029261356033315908, ""could"": 0.026570424479163336}"
Zeina Daboul,2025-11-30 00:01:13,20251130000113_675,4000,3200,800,M4,M4,gpt-3.5-turbo,gpt-3.5-turbo,peerread,peerread,0.97625,0.9762496660109283,0.9762767905694696,0.97625,0.97634,1,0.98,0.9761606022584692,0.9798488664987406,0.9725,"[750875, 752314, 750659, 752049, 750729, 750059, 750941, 752718]","[754547, 753109, 753215, 754012, 754409, 754708, 754624, 754172, 755051, 753665, 754171]","{""TTR"": 0.13895677262165237, ""sentiment"": 0.09655404506235403, ""RB"": 0.07804085740163433, ""of"": 0.04747331156881234, ""i"": 0.037268603065667955, ""PRP"": 0.03479695440082014, ""could"": 0.03251851912353654, ""is"": 0.031075086801019735, ""NNS"": 0.026969413023338183, ""and"": 0.026953624254705287}"
Zeina Daboul,2025-11-30 00:01:14,20251130000114_528,4000,3200,800,M4,M4,gpt-3.5-turbo,gpt-3.5-turbo,peerread,peerread,0.9875,0.9874999218745117,0.9875121878046952,0.9875,0.98753,1,0.99,0.9874686716791979,0.9899497487437185,0.985,"[752064, 750209, 752059, 750172]","[755015, 753047, 753802, 753462, 754547, 754415]","{""TTR"": 0.1290774804378627, ""sentiment"": 0.10453267266755799, ""RB"": 0.06998428816148011, ""of"": 0.042477211448812655, ""i"": 0.036748112286688006, ""is"": 0.032921304556801076, ""their"": 0.03042799392433429, ""could"": 0.03023882759858592, ""the"": 0.027971688323467848, ""PRP"": 0.02777692961389021}"
Zeina Daboul,2025-11-30 00:01:15,20251130000115_158,4000,3200,800,M4,M4,gpt-3.5-turbo,gpt-3.5-turbo,peerread,peerread,0.98875,0.9887499824218474,0.9887530547065918,0.98875,0.98876,1,0.99,0.9887359198998749,0.9899749373433584,0.9875,"[750729, 751113, 750172, 752314]","[754517, 754012, 752909, 753053, 753047]","{""TTR"": 0.12683071011768127, ""sentiment"": 0.1032128804162003, ""RB"": 0.0773209449085735, ""of"": 0.04429762790384494, ""i"": 0.03785867091477376, ""PRP"": 0.03211905527776148, ""and"": 0.03176224565288359, ""is"": 0.030348413896307474, ""the"": 0.029303863709763456, ""could"": 0.02701964752648305}"
Zeina Daboul,2025-11-30 00:01:15,20251130000115_299,4000,3200,800,M4,M4,gpt-3.5-turbo,gpt-3.5-turbo,peerread,peerread,0.99375,0.993749912108139,0.9937777749998438,0.99375,0.99377,1,0.9975,0.9937264742785445,0.9974811083123426,0.99,[750659],"[755051, 753376, 754887, 754547]","{""TTR"": 0.12937949887295633, ""sentiment"": 0.09953736239672091, ""RB"": 0.07816315200149015, ""of"": 0.042939292362145894, ""i"": 0.03982171874416274, ""the"": 0.038328570264274865, ""is"": 0.03152361323654593, ""PRP"": 0.031081070421858387, ""their"": 0.030468899898477102, ""NNS"": 0.02907534426012871}"
Zeina Daboul,2025-11-30 00:01:16,20251130000116_62,4000,3200,800,M4,M4,gpt-3.5-turbo,gpt-3.5-turbo,peerread,peerread,0.9925,0.9924999531247071,0.9925123128078203,0.9925,0.99248,1,0.99,0.9925187032418953,0.9900497512437811,0.995,"[752314, 752508, 752504, 750787]","[754303, 754364]","{""TTR"": 0.12819459475507922, ""sentiment"": 0.09799091871540247, ""RB"": 0.07142156641677737, ""of"": 0.04174615231537185, ""and"": 0.03447908432732425, ""is"": 0.0338712960289708, ""mean_sen_len"": 0.031970998022473475, ""i"": 0.03147305363296316, ""their"": 0.03111364361763732, ""could"": 0.030387806656313035}"
Zeina Daboul,2025-11-30 00:01:17,20251130000117_121,4000,3200,800,M4,M4,gpt-3.5-turbo,gpt-3.5-turbo,peerread,peerread,0.98625,0.9862499785155915,0.9862530390814942,0.98625,0.98623,1,0.985,0.9862671660424469,0.9850374064837906,0.9875,"[752718, 752420, 750417, 752059, 750047, 752064]","[754829, 753047, 753533, 753223, 752874]","{""TTR"": 0.11221954416657832, ""sentiment"": 0.09186391087589563, ""RB"": 0.08017770821122056, ""of"": 0.045983249147954, ""could"": 0.03597716969730633, ""is"": 0.03573256845688639, ""i"": 0.03478728095605744, ""PRP"": 0.03387526646890781, ""and"": 0.03196132584379531, ""the"": 0.03191038134472501}"
Zeina Daboul,2025-11-30 00:01:17,20251130000117_175,4000,3200,800,M4,M4,gpt-3.5-turbo,gpt-3.5-turbo,peerread,peerread,0.98,0.9799994999874997,0.98004800480048,0.98,0.9801,1,0.985,0.9798994974874372,0.9848484848484849,0.975,"[752420, 750370, 750659, 750672, 751367, 752718]","[753554, 753491, 754547, 754887, 755015, 754768, 753053, 753047, 752909, 754171]","{""TTR"": 0.12373193954350988, ""sentiment"": 0.09799315015178667, ""RB"": 0.085283623463816, ""PRP"": 0.03914224756391782, ""of"": 0.03655359766647941, ""is"": 0.036093981771431506, ""i"": 0.035406436761277534, ""the"": 0.033526871986642275, ""their"": 0.029399200099914667, ""and"": 0.02775125237467759}"
Zeina Daboul,2025-11-30 00:01:18,20251130000118_573,4000,3200,800,M4,M4,gpt-3.5-turbo,gpt-3.5-turbo,peerread,peerread,0.985,0.984999906249414,0.9850121253031326,0.985,0.98496,1,0.9825,0.9850374064837906,0.9825870646766169,0.9875,"[752195, 750729, 751129, 752420, 752059, 750554, 750288]","[754547, 755015, 754012, 754415, 754171]","{""TTR"": 0.13861382457043317, ""sentiment"": 0.10125979246386532, ""RB"": 0.0793497259068887, ""of"": 0.04522358940796461, ""i"": 0.03995888566521094, ""could"": 0.03402703677119394, ""and"": 0.03166528066513239, ""mean_sen_len"": 0.0278872049867346, ""is"": 0.02720581696944203, ""PRP"": 0.02502748790309711}"
Zeina Daboul,2025-11-30 00:01:18,20251130000118_37,4000,3200,800,M4,M4,gpt-3.5-turbo,gpt-3.5-turbo,peerread,peerread,0.99625,0.9962499941406158,0.9962531015818848,0.99625,0.99625,1,0.995,0.9962546816479401,0.9950124688279302,0.9975,"[750209, 750059]",[754510],"{""TTR"": 0.11722408261002863, ""sentiment"": 0.11240312952203095, ""RB"": 0.07152646836433059, ""of"": 0.0428640157036192, ""PRP"": 0.034758127026927564, ""i"": 0.03224136876732495, ""their"": 0.031134025489883546, ""could"": 0.0304955523385328, ""and"": 0.029859918657483032, ""is"": 0.02832771895367164}"
Zeina Daboul,2025-11-30 00:01:19,20251130000119_486,4000,3200,800,M4,M4,gpt-3.5-turbo,gpt-3.5-turbo,peerread,peerread,0.99125,0.9912493300268302,0.9914004914004915,0.99125,0.99133,1,1.0,0.9911727616645649,1.0,0.9825,[],"[753223, 754172, 753241, 753053, 753767, 754415, 754306]","{""TTR"": 0.1310593848908891, ""sentiment"": 0.1147612640265386, ""RB"": 0.08398604483323822, ""i"": 0.04112634780867292, ""of"": 0.04018188728425246, ""could"": 0.03288884303490064, ""PRP"": 0.03284597932618026, ""their"": 0.03028296462530014, ""and"": 0.029455767790970377, ""is"": 0.028041541203532694}"
Zeina Daboul,2025-11-30 00:01:20,20251130000120_770,4000,3200,800,M4,M4,gpt-3.5-turbo,gpt-3.5-turbo,peerread,peerread,0.9825,0.9824995624890621,0.9825482548254826,0.9825,0.98259,1,0.9875,0.9824120603015075,0.9873737373737373,0.9775,"[752420, 751915, 750937, 750776, 750370]","[754547, 753803, 753897, 755015, 754510, 753462, 753223, 754306, 753344]","{""TTR"": 0.12688905904730854, ""sentiment"": 0.09715563134214449, ""RB"": 0.08346937457167657, ""of"": 0.04212440854556156, ""and"": 0.04007438789635203, ""could"": 0.03573463018106444, ""is"": 0.03486378695501563, ""i"": 0.034067108728868034, ""PRP"": 0.030935869583059952, ""their"": 0.02882793061527606}"
Zeina Daboul,2025-11-30 00:01:20,20251130000120_251,4000,3200,800,M4,M4,gpt-3.5-turbo,gpt-3.5-turbo,peerread,peerread,0.9875,0.9874999218745117,0.9875121878046952,0.9875,0.98747,1,0.985,0.9875311720698254,0.9850746268656716,0.99,"[750059, 750209, 750729, 750047, 750659, 750387]","[754517, 754708, 754711, 754171]","{""TTR"": 0.12138677139736259, ""sentiment"": 0.10472433942084759, ""RB"": 0.06951678055446123, ""of"": 0.05450679204282503, ""i"": 0.036704873576088023, ""and"": 0.03484667270334614, ""PRP"": 0.03379697849020168, ""is"": 0.03305621465722042, ""could"": 0.030828917333642757, ""very"": 0.025490008717192373}"
Zeina Daboul,2025-11-30 00:01:21,20251130000121_176,4000,3200,800,M4,M4,gpt-3.5-turbo,gpt-3.5-turbo,peerread,peerread,0.9825,0.9824960616138632,0.9829346411770594,0.9825,0.98276,1,0.9975,0.9822335025380711,0.9974226804123711,0.9675,[750059],"[754887, 754510, 753053, 753803, 754708, 753767, 753241, 754306, 753462, 753439, 753036, 754547, 755087]","{""TTR"": 0.12343771483196353, ""sentiment"": 0.11849529225159314, ""RB"": 0.0884406356873874, ""is"": 0.03785836500408826, ""of"": 0.03600605801439667, ""i"": 0.033756067302012256, ""their"": 0.031060235182807604, ""PRP"": 0.031021013601034483, ""could"": 0.030374832933260446, ""and"": 0.02869200484551636}"
Zeina Daboul,2025-11-30 00:01:22,20251130000122_462,4000,3200,800,M4,M4,gpt-3.5-turbo,gpt-3.5-turbo,peerread,peerread,0.98375,0.9837497714811616,0.9837772124682013,0.98375,0.98381,1,0.9875,0.9836888331242158,0.9874055415617129,0.98,"[750387, 751354, 751113, 752049, 752718]","[754032, 754547, 753047, 753223, 753802, 753241, 755015, 754306]","{""TTR"": 0.1103872758374307, ""sentiment"": 0.10014710251609911, ""RB"": 0.08109426415210448, ""of"": 0.04744689714728554, ""is"": 0.04038988756567377, ""PRP"": 0.038211443647413246, ""i"": 0.03442725932097277, ""the"": 0.02869916114593312, ""and"": 0.028209179799363385, ""NNS"": 0.02755450942142558}"
Zeina Daboul,2025-11-30 00:01:22,20251130000122_846,4000,3200,800,M4,M4,gpt-3.5-turbo,gpt-3.5-turbo,peerread,peerread,0.99375,0.9937499902343597,0.9937530859567871,0.99375,0.99376,1,0.995,0.9937421777221527,0.9949874686716792,0.9925,"[752314, 750659]","[753223, 752909, 754547]","{""TTR"": 0.12936958311894275, ""sentiment"": 0.08831110008681589, ""RB"": 0.07203786644629431, ""of"": 0.049081501862140914, ""i"": 0.03496072174597121, ""could"": 0.03269120195741857, ""is"": 0.032302435521725154, ""their"": 0.032153320948330615, ""PRP"": 0.03154317912662808, ""the"": 0.02816473110597106}"
Zeina Daboul,2025-11-30 00:01:23,20251130000123_634,4000,3200,800,M4,M4,gpt-3.5-turbo,gpt-3.5-turbo,peerread,peerread,0.99,0.9899997499937498,0.9900490049004901,0.99,0.99005,1,0.995,0.9899497487437185,0.9949494949494949,0.985,"[752049, 750270]","[753439, 753219, 753533, 753344, 753767, 755051]","{""TTR"": 0.12944601911097076, ""sentiment"": 0.0871694222303441, ""RB"": 0.0751599205393646, ""PRP"": 0.045146438425404195, ""of"": 0.044334652184854724, ""and"": 0.03790689907206206, ""is"": 0.03454795963270143, ""i"": 0.03253915667871134, ""the"": 0.02885681967274088, ""their"": 0.025673679682191555}"
Zeina Daboul,2025-11-30 00:01:24,20251130000124_177,4000,3200,800,M4,M4,gpt-3.5-turbo,gpt-3.5-turbo,peerread,peerread,0.99375,0.9937499902343597,0.9937530859567871,0.99375,0.99374,1,0.9925,0.9937578027465668,0.9925187032418953,0.995,"[750787, 751362, 752718]","[753803, 753767]","{""TTR"": 0.13607810710938353, ""sentiment"": 0.10886168257925241, ""RB"": 0.07905065178424253, ""of"": 0.04404607058588678, ""PRP"": 0.03353451468877153, ""is"": 0.030194817142325893, ""their"": 0.02910460560705073, ""i"": 0.02878339560214274, ""the"": 0.028658350854325314, ""and"": 0.026888879427936812}"
Zeina Daboul,2025-11-30 00:01:24,20251130000124_136,4000,3200,800,M4,M4,gpt-3.5-turbo,gpt-3.5-turbo,peerread,peerread,0.98375,0.9837499746093354,0.9837530234563965,0.98375,0.98373,1,0.9825,0.9837702871410736,0.9825436408977556,0.985,"[750875, 751915, 752420, 751820, 750172, 751711, 750659]","[752946, 755015, 753053, 754516, 754306, 754012]","{""TTR"": 0.12611203414330954, ""sentiment"": 0.10229917957862791, ""RB"": 0.07727457152858916, ""of"": 0.045794976714835074, ""i"": 0.03565325374072192, ""PRP"": 0.034872267356912116, ""is"": 0.03133674115027873, ""their"": 0.030434732204757824, ""and"": 0.028295386344674458, ""could"": 0.027987450982229028}"
Zeina Daboul,2025-11-30 00:01:25,20251130000125_836,4000,3200,800,M4,M4,gpt-3.5-turbo,gpt-3.5-turbo,peerread,peerread,0.98875,0.9887499824218474,0.9887530547065918,0.98875,0.98876,1,0.99,0.9887359198998749,0.9899749373433584,0.9875,"[752420, 751820, 750387, 752449]","[753665, 753219, 754025, 755085, 754510]","{""TTR"": 0.11107990843492248, ""sentiment"": 0.09584630792073089, ""RB"": 0.08660018933410135, ""of"": 0.044650282305675706, ""i"": 0.04150203419736659, ""PRP"": 0.03640947146290978, ""their"": 0.031132207013107368, ""the"": 0.030309036427858854, ""is"": 0.02963160001798223, ""and"": 0.027638705808543492}"
Zeina Daboul,2025-11-30 00:01:26,20251130000126_90,4000,3200,800,M4,M4,gpt-3.5-turbo,gpt-3.5-turbo,peerread,peerread,0.98,0.98,0.98,0.98,0.98,1,0.98,0.98,0.98,0.98,"[750672, 752449, 752049, 751362, 750209, 750047, 751915, 752599]","[755087, 753533, 754171, 753069, 753665, 753215, 753803, 753223]","{""TTR"": 0.12454881748203828, ""sentiment"": 0.09270975493645212, ""RB"": 0.07603031821483762, ""of"": 0.049773983438359426, ""their"": 0.03683514508303892, ""i"": 0.03625116004574465, ""is"": 0.03321353423269328, ""PRP"": 0.03283671379059613, ""the"": 0.032236414779196775, ""could"": 0.027945802541639805}"
Zeina Daboul,2025-11-30 00:01:26,20251130000126_89,4000,3200,800,M4,M4,gpt-3.5-turbo,gpt-3.5-turbo,peerread,peerread,0.985,0.984999906249414,0.9850121253031326,0.985,0.98504,1,0.9875,0.9849624060150376,0.9874371859296482,0.9825,"[751820, 750172, 750387, 751562, 750847]","[754032, 753344, 752909, 755087, 753665, 754547, 755051]","{""TTR"": 0.11763831310907787, ""sentiment"": 0.11294590621597189, ""RB"": 0.0896516832933141, ""i"": 0.04057098243393511, ""is"": 0.036237525725732224, ""PRP"": 0.03559000443353621, ""NNS"": 0.032092211909338614, ""of"": 0.029116729642174627, ""mean_sen_len"": 0.028791028890606626, ""and"": 0.027999200493153745}"
Zeina Daboul,2025-11-30 00:01:27,20251130000127_716,4000,3200,800,M4,M4,gpt-3.5-turbo,gpt-3.5-turbo,peerread,peerread,0.98625,0.9862499785155915,0.9862530390814942,0.98625,0.98623,1,0.985,0.9862671660424469,0.9850374064837906,0.9875,"[752314, 750270, 750673, 750419, 750875, 750125]","[753802, 754415, 754547, 754172, 753767]","{""TTR"": 0.12283466082011736, ""sentiment"": 0.10018985417472823, ""RB"": 0.08072328089313868, ""of"": 0.04432737941975879, ""could"": 0.039793392168385115, ""i"": 0.03707068489398048, ""is"": 0.03587961500456929, ""PRP"": 0.030126433466186698, ""NNS"": 0.02902465910111771, ""mean_sen_len"": 0.02879353058084679}"
Zeina Daboul,2025-11-30 00:01:27,20251130000127_259,4000,3200,800,M4,M4,cohere,cohere,peerread,peerread,0.95125,0.9512096717443012,0.952746894419675,0.95125,0.95261,1,0.98,0.9498069498069498,0.9787798408488063,0.9225,"[751262, 751149, 752420, 751763, 751145, 751685, 751400, 751494]","[757250, 756826, 756146, 755708, 755727, 757037, 757513, 757146, 755527, 757081, 756942, 756752, 757227, 757005, 755663, 757335, 757343, 757337, 756526, 755822, 755487, 757477, 756052, 756503, 756656, 756259, 755699, 755399, 756606, 756020, 757133]","{""i"": 0.07800198193223609, ""TTR"": 0.07429616278033956, ""RB"": 0.04094824629111193, ""very"": 0.03536074309415145, ""a"": 0.03411203638292904, ""sentiment"": 0.032878800319037865, ""does"": 0.031832742065729794, ""but"": 0.030646720801437825, ""of"": 0.030171282240944272, ""have"": 0.024092889446520275}"
Zeina Daboul,2025-11-30 00:01:28,20251130000128_693,4000,3200,800,M4,M4,cohere,cohere,peerread,peerread,0.94625,0.9462055355129473,0.9477303083319224,0.94625,0.94775,1,0.975,0.9446589446589446,0.9734748010610079,0.9175,"[751711, 752009, 751477, 751622, 750816, 751760, 750003, 751535, 752720, 751494]","[757109, 756146, 756973, 755787, 756728, 757165, 756710, 757369, 756020, 755551, 756901, 756594, 755519, 755924, 756765, 757146, 756869, 755847, 755818, 757493, 755260, 757129, 757127, 756256, 757037, 757345, 756751, 756865, 756834, 755810, 756999, 755331, 755783]","{""i"": 0.08679008032463996, ""TTR"": 0.06690203986290431, ""very"": 0.04460438249117635, ""a"": 0.0402585830860911, ""sentiment"": 0.03809265153077703, ""but"": 0.03110553456167868, ""RB"": 0.030871289192700355, ""does"": 0.028791877705013284, ""of"": 0.028742828279748632, ""VBZ"": 0.02623880174254348}"
Zeina Daboul,2025-11-30 00:01:29,20251130000129_632,4000,3200,800,M4,M4,cohere,cohere,peerread,peerread,0.95125,0.9512371235529382,0.9517271367882326,0.95125,0.95203,1,0.9675,0.9504447268106735,0.9664082687338501,0.935,"[751760, 752556, 751145, 752751, 750357, 752146, 752314, 750217, 750659, 752009, 751494, 752791, 751444]","[757369, 756651, 756252, 757175, 757146, 756494, 756942, 755407, 755551, 755847, 757265, 756007, 755264, 756234, 756941, 757129, 756765, 756963, 756647, 757467, 757177, 756594, 757127, 757165, 756751, 755331]","{""i"": 0.08275792378235598, ""TTR"": 0.06580898943404302, ""but"": 0.04066382937919691, ""very"": 0.03896865328455509, ""a"": 0.03762537202215261, ""RB"": 0.03295075945046427, ""does"": 0.03277959416603091, ""sentiment"": 0.031717856319283644, ""of"": 0.024994987961292715, ""VBZ"": 0.02472087203127102}"
Zeina Daboul,2025-11-30 00:01:29,20251130000129_688,4000,3200,800,M4,M4,cohere,cohere,peerread,peerread,0.95875,0.9587391045447938,0.9592350670395606,0.95875,0.95941,1,0.975,0.9580686149936467,0.9741602067183462,0.9425,"[750319, 752472, 750024, 752553, 751099, 751394, 751760, 750198, 750901, 752510]","[757146, 755235, 756234, 757177, 756753, 757113, 757429, 757343, 756963, 757005, 755252, 757498, 755971, 757193, 755787, 756020, 756762, 755487, 756394, 757021, 755976, 755930, 757345]","{""i"": 0.08196654114860186, ""TTR"": 0.07299098761054085, ""very"": 0.03906738615943938, ""a"": 0.038402677204534504, ""of"": 0.032767876478889756, ""sentiment"": 0.03176174620328981, ""VBZ"": 0.030682173602014036, ""does"": 0.02972373039844492, ""RB"": 0.028997906739136988, ""but"": 0.02868012923843598}"
Zeina Daboul,2025-11-30 00:01:30,20251130000130_448,4000,3200,800,M4,M4,cohere,cohere,peerread,peerread,0.9725,0.9724984530379834,0.9726063364256958,0.9725,0.97229,1,0.965,0.9727047146401985,0.9655172413793104,0.98,"[750904, 751562, 751932, 752314, 755201, 751145, 751791, 750588, 752495, 751494, 752751, 752059, 750024, 751202]","[756905, 756052, 756234, 757109, 755950, 755407, 755708, 756526]","{""i"": 0.08640709785250436, ""TTR"": 0.07122279988024034, ""very"": 0.03826486722762478, ""but"": 0.03475964732790932, ""VBZ"": 0.03420539765479957, ""RB"": 0.03412313562097335, ""sentiment"": 0.03107483921084597, ""does"": 0.030537766231437318, ""a"": 0.03052069951730341, ""of"": 0.028820998366493683}"
Zeina Daboul,2025-11-30 00:01:31,20251130000131_429,4000,3200,800,M4,M4,cohere,cohere,peerread,peerread,0.95875,0.9587468415550566,0.9588905352264132,0.95875,0.95911,1,0.9675,0.9583858764186634,0.9669211195928753,0.95,"[751711, 752087, 750204, 750432, 751622, 752474, 752487, 752495, 750151, 751685, 750790, 751149, 751535]","[756860, 756710, 757113, 755717, 755559, 756751, 755264, 756503, 755791, 757133, 755607, 756414, 757513, 756204, 757369, 755551, 755830, 755519, 756656, 755363]","{""i"": 0.08759276117523423, ""TTR"": 0.0720717624768156, ""RB"": 0.038113401191721435, ""very"": 0.03806104449909665, ""does"": 0.035260805410835226, ""a"": 0.03172420629122594, ""but"": 0.03061227132033944, ""VBZ"": 0.02773415856301165, ""sentiment"": 0.027441825032250497, ""of"": 0.02674823579820285}"
Zeina Daboul,2025-11-30 00:01:31,20251130000131_866,4000,3200,800,M4,M4,cohere,cohere,peerread,peerread,0.96375,0.9637499433592864,0.9637528984556153,0.96375,0.9638,1,0.965,0.9637046307884856,0.9649122807017544,0.9625,"[752087, 750740, 750643, 751798, 750185, 752751, 751145, 751890, 752510, 751763, 750270, 750372, 751394, 752507]","[756478, 755818, 756765, 757109, 755559, 756647, 756694, 756414, 755453, 755331, 757501, 755971, 757265, 757229, 756167]","{""i"": 0.08643744089816087, ""TTR"": 0.06611853734612233, ""RB"": 0.04133833290158338, ""very"": 0.03790828707134001, ""a"": 0.035312419246528386, ""but"": 0.03441367664118603, ""sentiment"": 0.032476531691783446, ""does"": 0.029713124724672964, ""VBZ"": 0.027754778341763504, ""VBD"": 0.027654654961100363}"
Zeina Daboul,2025-11-30 00:01:32,20251130000132_643,4000,3200,800,M4,M4,cohere,cohere,peerread,peerread,0.94625,0.9462257175505815,0.9470574976050492,0.94625,0.94737,1,0.9675,0.9450830140485313,0.9660574412532638,0.925,"[751673, 752556, 755201, 751763, 751502, 751178, 752732, 752751, 751651, 751174, 751932, 751165, 751149]","[755535, 755487, 756762, 756805, 757325, 756606, 755559, 757127, 756838, 756252, 756860, 756122, 757537, 755592, 756494, 756478, 756234, 757244, 755971, 756438, 755830, 756946, 756495, 755272, 757310, 756973, 757335, 756551, 756167, 757094]","{""i"": 0.09173224203295137, ""TTR"": 0.06982947503782831, ""a"": 0.04170048329298703, ""very"": 0.03870650012590136, ""RB"": 0.03713947549094038, ""sentiment"": 0.03446042538340695, ""VBZ"": 0.030611957193179613, ""but"": 0.030151624763792063, ""does"": 0.028651988272524454, ""VBD"": 0.02682573765183422}"
Zeina Daboul,2025-11-30 00:01:32,20251130000132_421,4000,3200,800,M4,M4,cohere,cohere,peerread,peerread,0.965,0.9649991249781245,0.9650465046504649,0.965,0.96482,1,0.96,0.9651741293532339,0.9603960396039604,0.97,"[751099, 751886, 751594, 751508, 751760, 751308, 751351, 750849, 750921, 752433, 750202, 750357, 752043, 750861, 751502, 750333]","[757467, 757337, 755235, 755559, 756526, 756259, 756110, 755930, 757248, 755791, 756598, 757005]","{""i"": 0.08107254085675888, ""TTR"": 0.07251645874917506, ""very"": 0.03938256747940449, ""a"": 0.035725861053314684, ""does"": 0.03263509765799367, ""have"": 0.03167675404151961, ""RB"": 0.029968594050570726, ""sentiment"": 0.02898548850572925, ""but"": 0.026803050135656648, ""of"": 0.025990220206355916}"
Zeina Daboul,2025-11-30 00:01:33,20251130000133_354,4000,3200,800,M4,M4,cohere,cohere,peerread,peerread,0.955,0.9549974686076093,0.955102398039559,0.955,0.95533,1,0.9625,0.9546599496221663,0.9619289340101523,0.9475,"[750441, 752616, 750921, 752009, 750319, 750587, 752507, 750003, 751494, 752811, 751444, 752064, 751701, 751202, 752472]","[755363, 756762, 757513, 757001, 757498, 756833, 755235, 756078, 755810, 756969, 757335, 756415, 755930, 757265, 756600, 756110, 756167, 755527, 756263, 756838, 757109]","{""i"": 0.07495053058427754, ""TTR"": 0.06955111025999842, ""very"": 0.045207391422618655, ""but"": 0.040797004017915466, ""does"": 0.03415375427685485, ""sentiment"": 0.03340533892228642, ""a"": 0.03275075397010682, ""RB"": 0.029344682840108587, ""VBZ"": 0.028110098566209878, ""of"": 0.025234647833265633}"
Zeina Daboul,2025-11-30 00:01:34,20251130000134_479,4000,3200,800,M4,M4,cohere,cohere,peerread,peerread,0.95875,0.9587447786360461,0.9589823598196588,0.95875,0.95921,1,0.97,0.9582806573957017,0.969309462915601,0.9475,"[752009, 750587, 751594, 751165, 752495, 752620, 751477, 751602, 751149, 750372, 752616, 752043]","[756415, 757246, 756551, 757001, 756598, 757129, 757227, 757244, 757477, 756751, 755235, 756020, 756414, 757310, 756078, 755924, 756969, 756651, 756963, 757332, 757537]","{""i"": 0.08601795757881892, ""TTR"": 0.07139617830144418, ""a"": 0.03849765142296307, ""RB"": 0.037269169811306395, ""very"": 0.03284295407323807, ""of"": 0.03237456231393039, ""sentiment"": 0.03127910471833012, ""but"": 0.02966506643343378, ""does"": 0.029190920803632055, ""VBZ"": 0.02655664418625074}"
Zeina Daboul,2025-11-30 00:01:34,20251130000134_930,4000,3200,800,M4,M4,cohere,cohere,peerread,peerread,0.95375,0.9537464587132454,0.9538890035073241,0.95375,0.95415,1,0.9625,0.9533417402269861,0.9618320610687023,0.945,"[752751, 752487, 750482, 751494, 750790, 750204, 752440, 752087, 751400, 752488, 751502, 752098, 750270, 750372, 750192]","[756110, 757337, 757285, 757177, 757498, 755551, 755663, 757345, 755407, 756704, 756478, 755830, 756765, 756007, 755847, 757133, 757129, 755810, 756598, 757001, 757353, 757369]","{""i"": 0.08207155547686872, ""TTR"": 0.06804418541458715, ""a"": 0.0484441277442681, ""RB"": 0.040643992039442293, ""very"": 0.03787000234379584, ""but"": 0.03156972318572895, ""VBZ"": 0.029244776931991866, ""does"": 0.02894008326505927, ""sentiment"": 0.027128862433558557, ""of"": 0.027091258702491162}"
Zeina Daboul,2025-11-30 00:01:35,20251130000135_338,4000,3200,800,M4,M4,cohere,cohere,peerread,peerread,0.95,0.9499987499687492,0.95004500450045,0.95,0.95025,1,0.955,0.949748743718593,0.9545454545454546,0.945,"[751932, 752548, 751189, 752472, 750668, 750372, 752145, 750921, 751651, 750333, 752674, 752098, 750357, 755201, 750666, 752735, 752147, 750432]","[756494, 757467, 755822, 756694, 756667, 755810, 757109, 755818, 756234, 756973, 757193, 757521, 757393, 755946, 755453, 755649, 756007, 755803, 756905, 757229, 757513, 756965]","{""i"": 0.08785108349198818, ""TTR"": 0.07345498250049134, ""very"": 0.038160873283313995, ""RB"": 0.03709086337593615, ""a"": 0.03381920878401751, ""but"": 0.02939098283238661, ""sentiment"": 0.027573458106225118, ""VBZ"": 0.02692674293361887, ""does"": 0.026501125890192042, ""have"": 0.026365220683653955}"
Zeina Daboul,2025-11-30 00:01:36,20251130000136_602,4000,3200,800,M4,M4,cohere,cohere,peerread,peerread,0.96125,0.9612450950823463,0.9614836260857058,0.96125,0.96168,1,0.9725,0.9608091024020228,0.9718670076726342,0.95,"[751651, 751119, 752507, 751174, 752495, 750217, 752088, 751308, 752474, 752420, 752009]","[756905, 756838, 755453, 756710, 757133, 756694, 755884, 756973, 755976, 755459, 756478, 756999, 755407, 757541, 755272, 755663, 757005, 756264, 756965, 755399]","{""i"": 0.07983740247114857, ""TTR"": 0.07099572558983924, ""very"": 0.03999042007774025, ""RB"": 0.037580034987337675, ""a"": 0.031123617850905883, ""but"": 0.03053210894181618, ""does"": 0.029847295519315635, ""sentiment"": 0.02854915548119161, ""of"": 0.027532956540336037, ""VBZ"": 0.027320847962170478}"
Zeina Daboul,2025-11-30 00:01:36,20251130000136_453,4000,3200,800,M4,M4,cohere,cohere,peerread,peerread,0.96375,0.9637372513774374,0.9644030668127054,0.96375,0.96442,1,0.9825,0.9630573248407643,0.9818181818181818,0.945,"[751149, 750198, 752370, 750432, 751701, 751651, 751400]","[755976, 756969, 755663, 757265, 757343, 756078, 756869, 755818, 757113, 757513, 757345, 756438, 756146, 757021, 756606, 757037, 757369, 755717, 757498, 755272, 755260, 755459]","{""i"": 0.0914433063150202, ""TTR"": 0.07054555034473173, ""a"": 0.0382066320185234, ""very"": 0.036753184656704824, ""RB"": 0.03413410401615087, ""but"": 0.033244258666269545, ""does"": 0.030031797911002727, ""of"": 0.029300270910666924, ""VBZ"": 0.02860221874346022, ""sentiment"": 0.02774664679039053}"
Zeina Daboul,2025-11-30 00:01:37,20251130000137_501,4000,3200,800,M4,M4,cohere,cohere,peerread,peerread,0.9675,0.9674926858543172,0.9679211290161145,0.9675,0.96798,1,0.9825,0.9670050761421319,0.9819587628865979,0.9525,"[750217, 752259, 750482, 751891, 751651, 750270, 750643]","[756860, 755847, 755264, 755391, 755768, 756905, 757332, 756167, 756478, 757369, 757177, 756656, 756318, 756526, 756893, 755519, 755830, 757037, 757175]","{""i"": 0.08150368158898542, ""TTR"": 0.07424784703828091, ""very"": 0.03688714237924601, ""VBZ"": 0.03449834372026951, ""a"": 0.03341501426686916, ""sentiment"": 0.03304350249201302, ""RB"": 0.03298456041413782, ""but"": 0.03289723269496556, ""does"": 0.029809031675694805, ""of"": 0.024393719506618103}"
Zeina Daboul,2025-11-30 00:01:38,20251130000138_119,4000,3200,800,M4,M4,cohere,cohere,peerread,peerread,0.94875,0.9487146611962305,0.9499902857250296,0.94875,0.95006,1,0.975,0.9473684210526315,0.9736147757255936,0.9225,"[751299, 752087, 752146, 750932, 751886, 751791, 751145, 750357, 750712, 752440]","[757498, 756006, 757513, 756860, 756985, 756438, 757113, 757001, 756826, 755830, 757261, 755249, 756078, 755235, 757021, 755717, 757232, 756576, 755252, 756551, 756905, 757037, 757005, 757537, 756282, 756647, 756007, 757177, 756204, 756259, 757369]","{""i"": 0.0827290726353779, ""TTR"": 0.07303003742640816, ""very"": 0.04302008042676091, ""a"": 0.03669743696466648, ""sentiment"": 0.03150763311000738, ""does"": 0.031052356513958067, ""of"": 0.03030526581728375, ""but"": 0.030301185677127595, ""RB"": 0.028474814483545084, ""VBZ"": 0.024551826305990378}"
Zeina Daboul,2025-11-30 00:01:38,20251130000138_263,4000,3200,800,M4,M4,cohere,cohere,peerread,peerread,0.96125,0.9612397648754124,0.9617377104566698,0.96125,0.96187,1,0.9775,0.9606099110546379,0.9767441860465116,0.945,"[752595, 751721, 750901, 750487, 750441, 751508, 752370, 751119, 750482]","[755717, 757109, 756020, 757081, 757265, 756710, 755275, 756999, 756478, 755211, 755457, 756900, 755830, 756860, 756503, 755473, 755663, 756146, 756248, 755563, 757232, 755453]","{""i"": 0.08160896083654322, ""TTR"": 0.07634633279515306, ""very"": 0.04145868442991958, ""RB"": 0.03489367085252375, ""sentiment"": 0.033100058405871054, ""of"": 0.032512686808017645, ""but"": 0.032475048408549784, ""a"": 0.03165069329904915, ""does"": 0.024626963732916597, ""VBZ"": 0.02315345977526996}"
Zeina Daboul,2025-11-30 00:01:39,20251130000139_297,4000,3200,800,M4,M4,cohere,cohere,peerread,peerread,0.95,0.9499687304565353,0.9511278195488723,0.95,0.95122,1,0.975,0.9487179487179487,0.9736842105263158,0.925,"[751502, 751165, 752493, 752440, 752732, 752495, 751886, 752751, 752370, 750587]","[756704, 757250, 757094, 756753, 756694, 756651, 756576, 756942, 755811, 755653, 756248, 756833, 756006, 757343, 757175, 755252, 756667, 756834, 755473, 757477, 755649, 755363, 756494, 756020, 757244, 755592, 756146, 757429, 757332, 755846]","{""i"": 0.07965032742762125, ""TTR"": 0.07175751788290113, ""very"": 0.04246825009156029, ""a"": 0.03765565558830646, ""but"": 0.03299469068431733, ""RB"": 0.02952103905278717, ""of"": 0.029030625351868854, ""VBD"": 0.028426019149302446, ""does"": 0.027821368227523454, ""sentiment"": 0.02597960467846002}"
Zeina Daboul,2025-11-30 00:01:39,20251130000139_541,4000,3200,800,M4,M4,cohere,cohere,peerread,peerread,0.96,0.9599997499984374,0.9600115002875071,0.96,0.9601,1,0.9625,0.9598997493734336,0.9623115577889447,0.9575,"[750666, 752732, 751685, 752501, 752370, 750209, 750590, 752472, 751145, 752043, 752088, 750668, 750928, 750675, 752146]","[756834, 757498, 756963, 755399, 755252, 756901, 756052, 755935, 756656, 756007, 756893, 755453, 756494, 756626, 756973, 756826, 755559]","{""i"": 0.07897025311880473, ""TTR"": 0.07237646505390713, ""but"": 0.03905323584986737, ""a"": 0.037112433543547256, ""very"": 0.03547648383451884, ""RB"": 0.0309199236535672, ""sentiment"": 0.028994328169797506, ""of"": 0.028073974853152963, ""does"": 0.027367638933279575, ""VBZ"": 0.026833644243994884}"
Zeina Daboul,2025-11-30 00:01:40,20251130000140_427,4000,3200,800,M4,M4,cohere,cohere,peerread,peerread,0.96,0.96,0.96,0.96,0.96,1,0.96,0.96,0.96,0.96,"[750151, 751178, 751174, 750557, 751760, 751145, 750198, 750385, 752693, 752620, 750093, 751394, 750217, 750357, 751149, 755201]","[755256, 756688, 756626, 755717, 755399, 755663, 755924, 757332, 757537, 756893, 757429, 756752, 755830, 756110, 756414, 756942]","{""i"": 0.07972017345284595, ""TTR"": 0.07080506999565779, ""very"": 0.043994559009676304, ""a"": 0.03795233698241009, ""but"": 0.03384071668096613, ""sentiment"": 0.033775087480527675, ""RB"": 0.029003624081988536, ""VBZ"": 0.02851871347344, ""does"": 0.028445846432603665, ""of"": 0.026071017728050348}"
Zeina Daboul,2025-11-30 00:01:41,20251130000141_867,4000,3200,800,M4,M4,cohere,cohere,peerread,peerread,0.9575,0.9574904353479533,0.9579121209088179,0.9575,0.95813,1,0.9725,0.9568527918781726,0.9716494845360825,0.9425,"[752732, 751502, 751174, 750587, 750557, 752493, 751119, 750198, 752087, 752735, 751351]","[755653, 757193, 757146, 756694, 756838, 756626, 756020, 755252, 756826, 755459, 755491, 756167, 757332, 757021, 757337, 757165, 756234, 756963, 757227, 756415, 755737, 756478, 757501]","{""i"": 0.08476707767413875, ""TTR"": 0.07556371504079014, ""very"": 0.041525879865221445, ""a"": 0.03899268777514202, ""RB"": 0.033839767437595175, ""but"": 0.031997299101502834, ""sentiment"": 0.03042326199884715, ""does"": 0.029382485095754994, ""VBD"": 0.024949884073635468, ""of"": 0.02213797323145046}"
Zeina Daboul,2025-11-30 00:01:41,20251130000141_206,4000,3200,800,M4,M4,cohere,cohere,peerread,peerread,0.96125,0.9612450950823463,0.9614836260857058,0.96125,0.96168,1,0.9725,0.9608091024020228,0.9718670076726342,0.95,"[751189, 750357, 750198, 752751, 751262, 751328, 751351, 750904, 751818, 750790, 751477]","[757021, 755930, 756765, 757429, 757345, 755391, 756838, 757165, 756551, 755252, 756834, 756905, 756728, 755971, 757337, 756020, 756318, 756526, 757537, 756598]","{""i"": 0.0756141245644133, ""TTR"": 0.06548720961187608, ""very"": 0.03663731439568093, ""but"": 0.03408727895082429, ""does"": 0.03249835833228536, ""a"": 0.03233063021382583, ""RB"": 0.03203393580492932, ""have"": 0.03199699231637287, ""sentiment"": 0.030798798358748217, ""VBD"": 0.02915831918766024}"
Zeina Daboul,2025-11-30 00:01:42,20251130000142_727,4000,3200,800,M4,M4,cohere,cohere,peerread,peerread,0.95875,0.9587468415550566,0.9588905352264132,0.95875,0.95911,1,0.9675,0.9583858764186634,0.9669211195928753,0.95,"[752674, 752064, 751145, 752260, 752009, 752595, 752751, 752483, 751149, 750901, 752507, 752068, 752556]","[756869, 755847, 755535, 757261, 757335, 755663, 756963, 755473, 757501, 756494, 755976, 757537, 755803, 756415, 757248, 757175, 757265, 755818, 756834, 756942]","{""i"": 0.08438523385254967, ""TTR"": 0.06973279483870543, ""but"": 0.0388773626540281, ""very"": 0.03664166513693217, ""sentiment"": 0.03643293167210899, ""RB"": 0.03481815758009495, ""does"": 0.034332397851407126, ""a"": 0.03420122408186191, ""of"": 0.02874826470435299, ""have"": 0.027540129787652943}"
Zeina Daboul,2025-11-30 00:01:43,20251130000143_690,4000,3200,800,M4,M4,cohere,cohere,peerread,peerread,0.95625,0.9562482909488652,0.9563213002031569,0.95625,0.95652,1,0.9625,0.9559748427672956,0.9620253164556962,0.95,"[751145, 751760, 752474, 752314, 750003, 751972, 750921, 751651, 751262, 750319, 750217, 751477, 751013, 751508, 752556]","[756503, 755363, 755663, 756762, 756973, 755691, 757127, 757537, 756704, 755535, 755487, 757005, 756122, 755830, 757310, 755457, 757193, 755260, 756600, 757175]","{""i"": 0.07977149620057543, ""TTR"": 0.07570367534807439, ""very"": 0.04253515066530926, ""a"": 0.03473533982395212, ""RB"": 0.03297853486556621, ""of"": 0.02923004020679483, ""does"": 0.028867552439117178, ""sentiment"": 0.02823870459103871, ""but"": 0.027641466125394462, ""VBZ"": 0.02762007966769092}"
Zeina Daboul,2025-11-30 00:01:43,20251130000143_541,4000,3200,800,M4,M4,cohere,cohere,peerread,peerread,0.94,0.9399939993999399,0.9401760704281713,0.94,0.94059,1,0.95,0.9393939393939394,0.9489795918367347,0.93,"[752420, 751562, 751602, 752487, 752104, 752720, 752595, 752510, 750666, 752751, 751099, 751301, 750901, 751351, 750904, 752099, 750372, 750209, 750333, 751477]","[757037, 757005, 757429, 756942, 756006, 756594, 755717, 756264, 757493, 755235, 755803, 755491, 755663, 757133, 756598, 756354, 757335, 755527, 757175, 756704, 756526, 756438, 755519, 756860, 755976, 757245, 757113, 756234]","{""i"": 0.08065857594759308, ""TTR"": 0.07459622591546607, ""a"": 0.03795485713376486, ""very"": 0.0367110216788062, ""sentiment"": 0.03142362886617853, ""does"": 0.030888675156242315, ""RB"": 0.03045204199623808, ""of"": 0.030143090085777476, ""but"": 0.030003044881547945, ""have"": 0.02660557947894957}"
Zeina Daboul,2025-11-30 00:01:44,20251130000144_350,4000,3200,800,M4,M4,cohere,cohere,peerread,peerread,0.955,0.9549997187482421,0.9550113752843822,0.955,0.95511,1,0.9575,0.9548872180451128,0.957286432160804,0.9525,"[752043, 751502, 751477, 751145, 751394, 752487, 750093, 750209, 751351, 750545, 751760, 750042, 755201, 751791, 752510, 751119, 750319]","[756985, 755483, 757325, 756259, 756582, 756415, 755976, 757005, 755663, 756905, 756234, 757165, 756576, 757021, 755551, 755607, 755272, 756131, 755791]","{""i"": 0.09053586975315697, ""TTR"": 0.06910361946737877, ""very"": 0.04192957739199529, ""a"": 0.036819832260162395, ""does"": 0.03460583922959312, ""of"": 0.032295394880186186, ""but"": 0.0317942912073955, ""RB"": 0.028588438429015716, ""VBZ"": 0.027975213425601428, ""sentiment"": 0.026109680131656043}"
Zeina Daboul,2025-11-30 00:01:44,20251130000144_316,4000,3200,800,M4,M4,cohere,cohere,peerread,peerread,0.935,0.934993499349935,0.9351740696278512,0.935,0.93564,1,0.945,0.9343434343434344,0.9438775510204082,0.925,"[751594, 751820, 750790, 752510, 751502, 750333, 752472, 751477, 751174, 751308, 752068, 752643, 750047, 752370, 751400, 750151, 751165, 752487, 750357, 752495, 751791, 750234]","[757175, 757513, 756582, 757229, 756264, 757193, 756204, 755818, 757127, 757309, 757345, 755663, 756551, 756826, 756860, 755535, 757129, 755708, 756651, 756478, 756282, 756834, 757177, 755930, 755331, 757310, 756893, 755519, 756973, 755727]","{""i"": 0.08635547371262678, ""TTR"": 0.06936540325184855, ""very"": 0.03935763945964931, ""RB"": 0.03528040872391292, ""but"": 0.03499480368720051, ""sentiment"": 0.03485976575222101, ""does"": 0.033778791771146496, ""a"": 0.03245889734016729, ""of"": 0.02914351448362562, ""VBZ"": 0.026641561267143433}"
Zeina Daboul,2025-11-30 00:01:45,20251130000145_943,4000,3200,800,M4,M4,cohere,cohere,peerread,peerread,0.96,0.9599989999749994,0.96004600460046,0.96,0.9602,1,0.965,0.9597989949748744,0.9646464646464646,0.955,"[750666, 750217, 752501, 750740, 752784, 752370, 750151, 752420, 750209, 750921, 751952, 751685, 750319, 751040]","[756893, 757493, 756020, 757175, 755663, 755264, 755727, 756704, 756594, 756620, 756264, 757037, 755830, 757513, 757467, 757244, 755453, 755976]","{""i"": 0.08285191719820574, ""TTR"": 0.07355371600018183, ""sentiment"": 0.04050332606539944, ""but"": 0.03773542970426528, ""very"": 0.037407906895677315, ""a"": 0.03327067570947791, ""RB"": 0.03228593943957897, ""VBZ"": 0.030035890850270575, ""does"": 0.029142683453661496, ""of"": 0.02786863595116066}"
Zeina Daboul,2025-11-30 00:01:46,20251130000146_784,4000,3200,800,M4,M4,cohere,cohere,peerread,peerread,0.95875,0.9587354929467392,0.959396025661086,0.95875,0.95951,1,0.9775,0.9579617834394905,0.9766233766233766,0.94,"[751932, 752483, 752493, 750928, 751760, 751711, 752488, 750319, 751592]","[756248, 757537, 757146, 755331, 756358, 757021, 755847, 756805, 756963, 756526, 755563, 757244, 757250, 756765, 755924, 756762, 756438, 756154, 755363, 757513, 756478, 755822, 757069, 756941]","{""i"": 0.08792077257055839, ""TTR"": 0.07486743997125517, ""very"": 0.03844064357280435, ""a"": 0.03653161975597253, ""sentiment"": 0.03614591945459224, ""RB"": 0.03262465081893768, ""but"": 0.028836913749331384, ""of"": 0.027692688596347218, ""have"": 0.02717188355135219, ""does"": 0.025142799720748593}"
Zeina Daboul,2025-11-30 00:01:46,20251130000146_607,4000,3200,800,M4,M4,cohere,cohere,peerread,peerread,0.96375,0.9637485839290596,0.9638224722612908,0.96375,0.96398,1,0.97,0.9635220125786164,0.9696202531645569,0.9575,"[751328, 751145, 751721, 752087, 751323, 752474, 752510, 750198, 750151, 750814, 750659, 752488]","[756115, 756865, 755717, 756710, 756438, 755930, 755810, 757393, 755407, 757343, 757193, 757498, 757345, 756988, 757501, 756264, 756999]","{""i"": 0.095158749153214, ""TTR"": 0.07147328500810818, ""a"": 0.04168257979674966, ""very"": 0.03802419416573524, ""RB"": 0.03551348116138394, ""sentiment"": 0.03289742493694613, ""but"": 0.031537046485207616, ""VBZ"": 0.02873068581248079, ""does"": 0.027685491328418577, ""of"": 0.024117699344682997}"
Zeina Daboul,2025-11-30 00:01:47,20251130000147_15,4000,3200,800,M4,M4,cohere,cohere,peerread,peerread,0.95875,0.9587494199137174,0.9587758061390954,0.95875,0.95859,1,0.955,0.958904109589041,0.9553349875930521,0.9625,"[751351, 750204, 752009, 751165, 751664, 750847, 751728, 752064, 751394, 750093, 751711, 751189, 751400, 750198, 752751, 751886, 750185, 750643]","[756694, 756264, 756167, 756115, 757343, 756248, 755453, 755563, 756110, 757250, 756007, 755592, 757244, 755487, 755830]","{""TTR"": 0.08029263716928504, ""i"": 0.07978121998258869, ""a"": 0.04132362545557789, ""very"": 0.03830201288523641, ""RB"": 0.036866075874425516, ""but"": 0.03364926259252413, ""does"": 0.0271006976436711, ""sentiment"": 0.027100263572818282, ""VBZ"": 0.024647548355370183, ""of"": 0.023932346644611188}"
Zeina Daboul,2025-11-30 00:01:48,20251130000148_530,4000,3200,800,M4,M4,cohere,cohere,peerread,peerread,0.955,0.9549974686076093,0.955102398039559,0.955,0.95466,1,0.9475,0.9553349875930521,0.9482758620689655,0.9625,"[750204, 750373, 750340, 750042, 751180, 751477, 752098, 750847, 752556, 750659, 751145, 750928, 750217, 751736, 750666, 751508, 751351, 752791, 751093, 750372, 752355]","[755847, 756662, 755491, 756259, 756901, 756596, 756503, 756969, 757013, 757513, 756900, 755803, 757001, 756651, 757094]","{""i"": 0.08111873556811025, ""TTR"": 0.06761492757953008, ""very"": 0.04082202577316546, ""but"": 0.0356136322114009, ""a"": 0.03386055675501083, ""sentiment"": 0.032973125362705004, ""of"": 0.031551555425504973, ""RB"": 0.03141162525710536, ""does"": 0.029132035205406685, ""VBZ"": 0.024307940532745813}"
